3759
14899
11548
7934
8586
6801
6309
11253
8040
14735
8164
5779
1932
582
11887
14654
10863
1444
12432
8606
5299
359
12984
237
354
8923
9907
6967
3271
11451
513
6729
13004
5254
13828
5210
6946
6321
11431
3724
1609
14514
1655
6482
11758
12305
1706
12192
14608
12919
2469
13049
6202
2950
2314
1931
10163
8396
642
11687
4047
2494
10622
2977
9107
6247
4882
4861
13204
7205
12915
9517
4539
6942
14682
7841
1988
14294
1764
14605
14830
3890
13324
5962
12815
11124
1188
4366
837
6314
6875
15169
5491
9865
1714
8895
2320
11223
5726
11869
12245
6453
7465
4402
5734
5701
1313
2455
11642
1342
12177
2147
9369
3199
12184
10852
10257
6079
11644
5590
8907
5445
12732
6051
14215
14
5224
12059
11601
2041
7985
4976
780
10293
10772
8229
15193
15473
14307
10341
1301
10489
5895
2349
1769
15133
13301
1488
13844
12126
2754
12222
7872
2225
13771
11112
6067
5863
6380
5738
4354
5259
4975
12062
4675
4016
12989
9452
13737
6850
14096
573
15213
10882
1712
15196
15422
1407
10786
1815
13603
6777
491
2417
6269
853
7656
13896
3000
9082
10154
563
13137
4150
4245
11795
12450
1168
4848
2309
14623
11466
328
7795
8078
14807
280
3621
3654
10191
14519
3624
1338
10490
5961
10901
3140
11614
1363
13011
3603
9834
2388
2492
6780
7369
14099
3438
4903
12359
268
13819
14973
3253
2888
11329
12055
13852
13803
9863
15111
5039
5320
27
12574
15336
10870
6191
15217
3409
9205
10187
12553
6590
102
10993
6752
14053
12082
6468
426
14558
11258
3967
7146
4904
7332
12066
6840
15104
11424
13558
4212
13976
10994
8855
2571
7555
12985
3608
6097
8092
1679
2440
6093
6355
13437
11445
6872
2746
7625
12976
10843
3644
5342
7190
3809
14950
11973
13543
7441
13059
1728
11840
10025
10007
1024
14601
1507
5968
11448
3324
11684
13876
9003
6911
9371
7659
2207
2464
6727
211
4549
15490
744
9786
8981
12878
14329
588
14796
15451
1990
2246
7639
8093
6211
13782
8708
15394
10017
3922
11473
15220
4856
2552
9018
1253
14044
12693
5028
13001
14306
3703
3850
15097
15181
15283
5760
14603
9374
337
11438
9166
11648
3757
4855
4562
4138
11525
14892
8015
8701
13358
11075
3286
9350
4427
15402
9768
12690
10097
4551
5499
4273
11012
13917
4814
8265
8190
12071
1371
10422
5671
13575
7247
14177
9161
3222
1579
5387
6441
6601
10516
14478
6174
10455
1175
7219
3846
12657
4788
13299
11024
5598
11029
1534
6901
4482
12482
11272
9692
11538
4660
13295
7902
14025
4281
6598
8470
3518
5711
13787
9487
11133
507
10677
12263
12979
10996
5853
12709
4382
7644
10264
6584
175
13698
10281
13363
13846
3420
6205
13904
95
8169
2970
14492
13687
13325
5920
6785
6262
2582
9364
12275
11960
10787
14675
3452
13729
14226
4053
8893
10167
5723
12555
3712
10004
4207
4361
3395
7735
11251
14963
3155
15175
9246
4467
3054
8343
15603
3152
8581
11499
10107
9681
3019
1187
2685
9470
11989
8827
14476
13960
15043
13218
9824
10040
660
5527
4714
11577
15270
5424
8906
3810
12100
12713
4847
15053
2385
494
10472
15077
13012
12505
7888
376
11771
10194
7848
5247
3164
12576
3795
4080
5592
4440
1683
14302
743
5381
4221
7486
12890
7324
12199
6138
10254
2144
3921
12477
10314
10517
3601
11293
13216
13589
6326
7623
2462
4298
5336
7224
5267
6081
11546
887
5168
2
14249
9991
5897
15148
15079
4337
10033
6119
14793
13623
4890
5029
262
3855
1225
15131
1008
7696
8534
7581
6228
7900
242
9059
5780
1561
405
9489
4823
10938
4968
5487
7560
9626
14152
2372
294
10679
558
9589
9111
14559
9644
6179
10449
11518
6973
8587
13195
12960
9829
10045
15425
2816
70
8474
2788
3161
12225
7209
10184
391
6399
14461
500
12118
9787
8225
9808
7197
5537
1034
13897
900
4804
4088
11886
10233
9049
7180
9477
4386
9547
9177
9953
8037
3658
9104
11666
5126
13566
2592
6390
11722
13288
13918
3293
7834
996
9908
5406
11212
9218
11976
13327
3072
11109
6888
12616
1909
2889
2855
7837
5797
47
776
6415
11420
9435
11667
4147
8601
12167
9669
6923
5945
5358
10005
4460
12028
234
224
14794
6342
7804
6836
1217
921
9138
13924
1302
12933
10213
651
3636
6291
12955
23
5707
4877
5144
11633
14028
10855
8890
9160
15586
7074
14726
5564
13526
2211
7711
1061
12996
15205
1424
5543
6914
10446
4151
9661
4117
10094
1554
8709
3843
12684
7159
264
2971
6048
4519
399
8223
6120
10941
10919
6281
10841
11814
7932
3207
181
66
11975
9334
3667
3192
7816
12618
12242
6439
13922
13208
3989
3880
7344
12509
11325
14210
5410
11744
6648
12563
6142
14069
13534
5637
3849
8800
12901
11465
14495
997
6471
4282
11053
8240
12033
3340
5222
12525
12598
14666
15167
5964
15595
10477
3352
302
10592
4416
1364
9608
3701
6455
15297
14615
11082
13692
9729
13877
1573
8959
10585
13836
9303
3657
4045
14901
4574
9921
13046
7983
9634
4417
2476
1160
14251
11974
7313
14437
1799
14645
13655
1503
6586
883
4401
4165
10827
4686
4050
7539
4059
4977
5201
4911
8405
14428
13122
15517
4339
9797
774
3211
14029
5889
789
10359
941
6071
8797
15495
11984
14620
755
2990
8076
6403
4966
2952
6603
14736
13073
14572
14209
3441
14447
11603
8843
10439
10853
918
9662
13616
9295
13171
5315
11794
3900
11626
2772
3269
1162
2120
8746
2442
9711
12752
15310
9209
11670
5295
5679
10237
14629
8091
14722
3229
8376
374
11693
7673
9193
7966
5443
15019
9230
12132
2615
2569
665
4983
38
7474
1847
5056
9383
7277
14174
7069
244
1020
644
1851
6414
14732
6116
4765
13627
11798
11374
3344
8445
2722
9021
11802
603
10986
5243
15114
2433
6375
6885
12742
14709
10479
4604
11268
7975
9385
8187
4530
98
7477
15463
14491
3691
10610
1306
1340
5552
1164
15026
13760
11335
1163
13703
9075
13965
450
11358
4116
13422
14975
331
9044
15147
4415
11340
7611
5273
10558
7599
12396
12904
10707
11570
13014
10315
1640
8279
13855
10509
11088
15290
11872
15265
5732
11031
3281
12234
2725
7574
1513
12642
5884
2474
10252
15542
4035
11054
5498
1997
12549
2769
10143
2973
8151
10903
12285
2393
13806
8361
12140
5810
10977
6677
2190
9576
2421
8627
7348
12613
4480
4032
7690
1458
13652
11041
13611
2249
6733
2297
9266
6827
5604
6731
8327
14154
14481
7970
5124
453
11874
9742
14695
14575
4435
8892
6619
14754
4433
12991
9341
3064
10142
1137
4700
15304
14571
4052
397
12196
12191
15041
12296
7417
9376
3725
15332
11422
9441
11122
11040
10962
1968
7462
14968
1549
12340
393
10687
8100
1123
4087
9712
15042
9799
9488
9738
3553
14897
11799
9936
7225
12816
7071
2593
1015
1839
193
10663
11298
14821
3533
4347
1514
6195
9998
10216
10689
12501
13829
5174
2036
6812
9194
11792
6095
9807
15237
11678
2785
3650
338
4972
10128
11457
805
12195
1023
5027
10464
3163
14680
4216
15439
13668
15340
1170
657
7431
1761
2508
11742
769
15164
5998
9355
12366
9206
12221
5281
14804
4786
9042
7554
4673
13079
1963
13074
1985
6851
2565
2366
2345
2656
5211
9601
2413
8781
1961
2195
7797
15176
12834
1320
3279
5700
12695
6022
9939
11475
7697
6335
1029
1105
11948
3234
5546
11655
9566
194
1970
11136
12671
9048
13574
1642
13265
14924
1063
1110
6101
12026
12581
14318
549
10503
2251
7012
13891
2291
3962
3949
273
14520
3841
2334
6526
12916
4271
4496
813
15408
10944
9935
13270
10775
13958
14685
11610
15348
5066
5930
1102
7434
2460
4387
15466
5789
1483
5305
2900
4054
8197
10323
7110
14531
12201
14767
10995
7010
13339
9858
14107
6111
11306
7632
3570
7839
1308
5600
12824
13261
229
3970
15226
2915
7811
4750
9629
3878
1707
7375
14218
8846
14397
11302
13802
8252
13256
1356
8397
14918
584
685
2428
3799
6554
14632
6160
952
15317
4819
12227
10518
8119
2074
202
12361
7087
2614
9841
9621
10288
5022
2925
2430
4475
3567
14786
13205
13977
6421
11681
3055
9281
6209
13734
13801
349
15533
6962
12352
1181
3304
1588
7168
11097
14409
13472
1037
8561
10570
5739
12552
4438
14741
12754
4396
4712
15090
14872
14361
13029
7976
5697
8323
2285
14585
6432
8031
9052
12271
4039
842
7919
9147
2812
5290
5976
467
13883
13740
3366
1410
6530
5849
1879
7216
9046
11444
13649
6292
7938
12929
3803
11861
4757
8288
3678
1043
13439
1109
7073
441
12299
10286
12404
6220
10066
13285
8207
11857
12936
2308
12506
12085
4537
14093
794
590
1921
3162
6210
666
10486
8996
4828
3008
11876
11312
8496
10240
8850
4179
4092
10039
12895
6242
12700
8080
150
3532
9352
8340
505
5683
5953
9892
4869
1060
14829
11322
10893
3203
7961
985
6104
6208
742
2511
1334
13531
240
5396
13376
14431
10306
13545
9934
758
6883
6258
8158
3490
15087
3484
2512
12229
12792
11897
6114
2429
3847
1295
13934
6958
4771
4949
15620
11311
2859
8141
6676
5145
8184
13715
8698
6823
12873
297
3884
8077
13584
2436
14155
10263
2173
3673
14703
4896
7233
5878
2771
5916
14337
14738
11182
12654
3939
10755
6282
1614
3746
12174
1053
8484
12024
3027
11522
10204
2043
1975
8042
1155
10540
9611
3136
3270
12451
12360
12253
14823
1197
3139
14221
2361
6508
10357
5097
4442
12249
10560
8511
13587
13180
11192
8156
4650
14061
6784
9197
8369
1305
12216
11923
2828
6839
2610
1748
10211
11146
8188
15234
1416
15462
1230
8347
6860
567
10137
667
14843
1439
1802
7158
3346
9976
9985
11616
12652
2143
14275
13193
15022
656
15120
6728
2768
15614
7376
1311
13860
1373
14929
116
9572
5999
6383
7580
5917
2820
9790
6642
6115
3319
401
8548
8758
15045
1957
4627
2438
7051
7032
10573
12414
13465
2444
3911
10139
10099
10144
396
14360
293
12124
2235
144
4263
2903
3891
13493
9599
8835
9691
6809
1399
15110
8544
7425
8686
5277
15444
3777
12056
5294
13283
2045
2337
13217
8012
2661
5475
9089
12953
2422
4596
11347
12144
1095
4946
15524
14669
3032
6496
5339
15363
9506
3219
10659
11755
702
14441
11332
258
2327
4200
824
8637
14116
13394
2223
13548
8951
8313
12559
9597
5900
10550
1936
1056
4260
7421
1201
13406
2797
8030
13638
11954
6107
6190
916
2140
1691
14137
4224
6433
6477
13061
8531
4775
9674
9320
4738
11608
13909
8446
12466
14905
1754
5540
3233
8717
4713
13824
12335
3453
14774
7885
10875
1777
10368
7240
15500
14581
14551
90
11880
11962
12725
5699
3976
11101
7894
7996
3635
15143
1351
8759
11885
10948
12770
6789
14966
10444
12156
15263
11450
3363
1353
5759
1834
14158
14706
5378
7704
11331
750
4918
10245
8292
11637
2443
2306
11342
1280
2425
15159
8111
2491
4705
14073
13964
9393
10825
6412
4508
14869
9969
8428
12283
5199
433
6895
5676
8773
8626
9238
843
4406
13532
4586
9966
12042
13372
4827
3228
12371
6664
8053
6769
12488
2776
11842
12409
5580
6882
8467
9140
12119
3684
3539
7897
12483
11486
10959
696
5992
14583
13742
2066
6528
6501
2842
15168
13672
8208
9039
10842
13738
14423
11485
10451
5020
8206
11323
8505
12947
8772
7274
8087
1303
732
10413
2524
9932
1738
7335
5004
7506
9633
12034
1736
14324
1896
6968
8825
14346
9301
7005
3037
2375
5000
2209
8023
2329
3990
15523
2689
9108
15250
2484
8337
37
14953
1965
949
5061
10708
1390
5681
4078
2540
6044
13089
1269
7667
4038
1562
911
9474
4381
14240
9000
14284
14017
11357
5120
5480
3623
4371
2406
8902
6270
12588
7195
8228
10387
659
2231
8338
9631
15593
7913
9405
8896
13559
8274
10736
1019
8657
6418
9992
11104
5520
1350
126
13746
12937
13080
8687
120
4656
4201
5075
14171
9604
5742
637
5251
14219
14387
957
11846
4276
86
11184
6533
6544
13421
5236
2756
3031
6650
1103
6225
1418
11290
4388
12793
3853
9062
6675
12048
11689
8777
8662
14840
4942
12809
5876
4564
773
7790
14208
9520
4978
3104
4594
15252
12395
5523
15030
10140
689
5802
9045
11556
1207
15066
345
14994
11645
5763
11716
2691
10036
3309
6406
1319
4457
986
4127
8921
7595
2954
14368
796
2626
14066
4720
3800
9987
14851
9642
15404
9640
2687
11586
7301
3993
12
9541
3867
2956
6317
7149
3332
6831
133
6751
2884
261
10476
14352
285
9392
3835
12171
9653
13317
8507
10792
12565
8117
9902
8568
12312
12554
4322
502
11751
763
11787
6416
15309
10388
15285
4841
9646
1804
13489
5719
12971
14489
6643
14832
7558
6266
5104
123
7534
209
8159
15006
9368
10563
7771
5716
5086
8889
3461
4384
6080
13818
5148
14868
7481
2136
14523
8294
784
207
4220
13509
4403
2945
10854
4912
11044
11011
13247
8084
10651
9922
4544
14841
541
13117
473
5814
11021
14663
13210
10492
2252
14333
2481
2437
3768
1481
3082
9125
9337
10598
6255
565
14694
5696
10940
12421
12008
12096
13514
11196
15577
12823
5983
7390
13971
7111
2886
11597
13002
8149
15356
1408
13689
8669
1944
8214
3257
9651
13253
15582
12211
12838
7660
2267
1587
2801
698
15552
13536
15534
7090
5065
10011
12872
5987
8873
1068
5665
3589
1194
14721
6894
8125
7172
10662
5660
6609
10643
9982
9375
10547
2303
11552
4369
9544
10374
1039
10844
13571
4307
9340
8691
9861
13300
8395
9227
4711
10688
5809
4240
3275
6953
5603
15178
9028
10969
5936
12735
12777
4156
12635
14535
9524
13762
12696
15541
1381
12381
8801
7577
10615
6348
10878
5459
11199
12073
3743
7551
3440
14772
5446
4411
7575
15474
13209
24
11449
7596
8713
7677
3308
250
5612
7713
12534
579
447
10548
8868
5562
12845
2939
3983
5909
11441
12577
11380
10936
7215
9693
13813
3111
4033
7249
12460
13235
5686
13240
8848
3620
13974
1646
10060
9335
3749
6765
13756
4932
7189
3129
12827
6201
10554
9624
13190
10645
3679
14373
2138
10497
13036
11710
14947
15326
1935
9437
11167
10365
9017
12439
5519
11121
10639
14184
6553
14746
1775
9899
6019
1405
13596
14445
5973
13178
11215
2666
4448
11529
717
790
260
6180
11800
2587
278
3445
5125
14235
6254
6428
5687
4744
12641
4663
5873
10175
7495
1040
1840
5575
13570
9970
1829
9975
10362
8804
9927
2122
14265
8749
4183
4591
9818
7208
14595
2110
7892
4636
12129
1682
3086
10952
3170
2076
12472
13600
12383
4081
13423
31
5005
341
4967
13440
2841
3
8171
14204
9404
4701
3591
10493
6233
2660
10115
10369
9455
11055
9749
8644
8910
13886
9058
6125
1901
13156
3242
2857
2025
2182
2109
2568
2114
3561
14989
11589
2047
7429
4621
13726
9241
1318
5995
578
15334
3327
7019
10868
1856
3041
13344
1382
8528
3188
7626
2673
4106
12604
528
14003
46
5413
5043
1873
8495
8483
12622
5271
2583
6012
4357
1401
13234
9545
6980
11190
4219
3594
14047
2698
4658
11003
3408
9288
13100
4504
13345
3918
420
13540
4526
13272
2214
9338
5744
10541
2299
12746
1062
6740
10019
1360
3572
7329
14310
4399
15600
10701
2420
13326
2276
3628
6417
10098
4188
11813
6276
11873
6391
6297
6185
927
449
10157
7559
1412
6486
1848
6813
7236
4832
4285
9274
2010
1157
11204
12935
12022
4148
569
11849
6489
6131
1998
9438
17
1661
4807
8852
2040
12805
13430
8235
11778
11058
10251
8380
6706
3206
6448
5896
12011
12514
14978
1649
12927
6274
4485
9887
3020
12645
15602
7196
3894
12591
12150
7502
12413
3779
7365
9710
3559
14381
8816
5156
12322
13621
12402
5709
7573
12571
13728
7403
8964
3404
15414
12098
4343
1591
948
3012
9898
12757
1246
9613
4469
11224
5006
4023
12316
7148
10164
13820
11851
937
14798
7067
8501
10744
3540
326
2633
12625
962
1466
5784
9665
14119
4866
6504
6580
10521
14806
430
1992
2628
2993
13040
11911
8471
7810
10325
1584
718
11578
10331
8789
7280
687
8751
13101
6493
4690
1665
10409
1440
14322
2906
8519
3916
3731
13452
12063
14472
6679
7880
210
9833
1414
9267
9603
13953
1863
12819
8082
3612
13070
11336
4089
9810
1675
7746
12376
4297
11821
7479
12781
7270
13094
7779
11512
5558
10510
2248
5601
1583
2052
2431
6106
14755
8336
7732
5292
1388
3401
288
5425
8069
406
11535
12280
2807
8858
1647
10364
1054
2001
9180
10670
1723
9522
6472
6767
7096
7234
1912
6880
4453
5332
10258
14949
10113
4635
6127
13693
9994
1621
10990
8488
1592
13236
1852
13077
1996
3871
14344
15039
2663
9627
5466
15362
289
5269
8508
13565
4436
11334
2332
6408
3300
3214
13985
5749
14604
14253
14320
3487
13033
14086
15284
8958
6194
1074
2180
6143
8185
13754
3511
139
12854
601
6105
6984
14436
9471
1036
10136
2537
6502
11168
7774
12973
8000
6960
10647
5556
10648
10129
8612
1358
1349
14664
8160
5685
2810
4010
787
8057
9257
5441
12469
4886
13690
9968
1465
1471
14206
13744
117
7292
2363
3098
10127
7273
12899
929
11370
10393
13097
13157
3902
7366
14168
10992
4473
7814
8029
1071
12930
13352
15195
12043
12300
10190
8616
9072
6924
15001
10290
12436
13873
14064
12938
1236
7709
3126
5966
8038
5218
11883
10788
1100
9904
15352
3419
15526
7367
3590
10326
7657
1664
15246
5034
3742
4498
12095
4065
11484
3615
3412
15323
889
14792
9879
12531
756
11266
2362
2668
51
2652
11740
12767
13321
14411
2485
958
11321
14574
2412
389
10801
14078
12656
5974
12786
13397
3732
14157
6634
15223
4358
6961
6149
11217
6847
10008
802
12065
230
4190
7762
1953
1660
5958
8872
10607
10954
9648
5497
11372
9311
3079
2519
15229
14250
11820
1974
4181
4422
2505
12475
6358
12787
5529
1138
8370
1884
4019
9708
1140
10756
10078
13599
412
6579
8782
7723
14424
13546
3225
13708
2473
770
14239
13501
9132
7212
1425
2783
11291
469
8904
1486
1469
7122
4321
2111
9507
9298
3692
11310
4849
2730
7845
11629
1154
13572
14482
1432
12274
8647
14074
3127
12769
1872
6319
884
7622
2067
1212
12779
7028
9532
6063
7307
14801
479
13026
6845
13068
6760
10246
5317
12675
11850
9024
7671
2017
6739
5646
2908
12940
6943
10133
11386
3597
6559
2530
10750
5193
3209
3342
14385
7730
533
1803
1537
6854
14538
13962
11536
5773
1464
3434
13433
8248
8210
12102
12902
2079
14730
10804
12833
4532
9944
9814
8482
3784
12499
4262
4806
10205
2096
4278
3931
143
3272
5881
4061
9784
13880
6092
14410
9781
5072
6971
15095
10134
6304
3755
296
12511
121
9822
12998
1823
3053
4394
944
4069
15299
9856
11254
15084
6386
7773
14526
8815
5882
13707
10874
9094
2351
5611
9225
13585
5321
6737
1386
10102
7291
1112
7512
6085
5017
1198
4119
9705
14961
2636
6511
12058
6173
9149
7720
9219
6948
4572
15307
2155
460
11460
10505
9857
3449
6712
6332
14748
7157
14272
6705
2333
3688
8651
15613
4722
13549
6532
13025
9469
6734
2608
13233
14131
1942
983
3180
4012
1380
10611
14176
15201
2145
15142
4628
13200
2793
2520
10845
4305
4223
1825
11116
8619
12569
13315
9842
8311
5119
2215
4139
5163
9070
7835
1995
4600
14203
11579
525
1257
1663
3828
8986
9951
14469
1167
4808
9201
10846
6542
7590
1785
12328
15481
6947
9256
3666
14951
4830
3305
361
8705
14591
5434
6520
1141
9866
8900
11815
2958
4651
2770
7200
1156
3734
5816
8283
14326
5372
5898
3096
1375
10193
10576
14698
7925
4725
6637
3189
9144
11871
1131
13470
9446
11363
5170
7593
307
7135
2282
8929
8940
5613
9129
5451
8487
13862
9578
12925
6524
12869
2852
2082
15206
2479
3249
871
8807
2192
15507
6216
8280
6892
11619
782
13330
2054
11417
5253
3036
13382
12489
9497
4634
7004
9067
8480
5014
7920
3151
7384
4593
9510
12633
5356
13484
3899
6540
1822
11605
10713
7449
10375
13479
7188
13972
6515
13391
12599
3389
11738
11255
12207
8629
2414
14561
2270
14878
15121
2035
10352
7283
6035
7646
6826
8799
15038
14714
1709
13544
1299
2637
8275
3716
13237
530
5746
4132
1680
2489
5045
5837
14389
3753
13969
1041
5492
4557
15253
15557
14021
12662
12844
10026
13940
10462
13348
12782
1242
15431
9752
15282
1336
8004
10090
9290
1626
15242
8067
4853
7947
14037
14256
8429
5464
6671
12479
5594
3210
7545
8174
5033
8137
7867
8987
8543
8704
1987
9096
11881
10296
10692
2659
11939
10920
3504
6682
11081
8875
13476
5806
6787
1502
11405
15329
6351
12276
9816
11000
5702
3385
1145
14578
2466
11763
8805
2292
14537
2081
2405
5892
713
9117
12197
7064
9954
1315
12924
14986
1832
6112
3826
6305
12959
10358
1081
12847
8743
8503
1548
11398
3125
8728
14338
1740
11621
7414
13997
5023
7114
7952
5181
15520
3133
1653
5823
5834
6518
12968
6830
3417
5929
10544
2427
3393
2506
6697
9770
9262
6371
527
11685
2039
12244
11042
4359
15207
7387
13389
4739
6462
8172
9528
800
1455
8128
13745
11985
10620
7211
12390
7853
1877
14902
7858
12428
6132
10781
4095
799
3298
10748
6134
3479
13147
11765
955
1495
2948
922
10242
1941
5312
3035
305
7878
10079
15126
11409
11718
4618
3356
14195
2700
13015
13912
7767
7911
3649
2203
11641
12446
7887
9245
7399
13513
4266
1446
8724
4123
7619
14828
2518
6300
13586
6237
4511
14737
9755
14729
9930
13553
10599
12292
3986
11576
14071
2856
895
9118
4555
15057
3365
3819
840
9850
4289
4798
1245
15269
3264
2904
5904
14634
6229
12374
3141
13505
9389
8142
2598
12719
4862
10732
12875
3387
12462
4398
15236
12507
11567
9386
4974
2451
81
14592
12040
12114
2125
10655
14589
10720
15116
6323
12326
3292
444
13088
2526
5753
7304
6284
6223
11019
8325
55
1366
8431
4073
5947
6425
10897
2472
5610
11219
300
2671
13087
15498
8437
10469
13605
13928
11284
11400
8539
5049
5538
8733
4175
6213
14404
7203
11185
5635
455
12223
4255
6573
9515
10559
5162
2177
8681
14552
2171
8634
11790
12434
6279
15492
10668
13250
714
15102
14549
11008
846
10820
2187
5718
9051
8785
5100
8011
7328
10188
10943
7123
8922
5192
12251
14854
13595
1420
7807
4928
14720
1782
14270
10978
14058
1032
14979
13644
11743
11541
12542
10956
694
12131
1398
1918
12778
12587
1267
11745
11663
875
1731
4101
13666
3059
15432
8823
7070
8241
12736
10895
1296
15198
2917
15241
3611
3488
610
8934
11014
8571
3421
7899
4379
10198
13031
5715
1470
10658
13332
14955
7341
2931
14861
11560
6117
9196
427
10597
15306
14359
7287
4996
1437
11933
8224
2316
5114
13791
14357
2920
1202
10595
3951
10124
11074
8344
616
5488
325
12166
9920
3747
7990
7989
383
7924
10924
10125
7984
3168
8412
9221
8640
13966
11767
1888
5512
14784
6393
10456
5861
13856
9064
836
1215
4836
676
12804
4759
162
5859
5233
11414
11236
11719
13967
12738
4238
12589
8620
14169
5927
9259
12386
13306
13853
13273
7921
10104
9997
14896
5627
10526
8212
13817
10656
4002
10149
9005
6972
1013
2219
5791
9523
9382
14414
6867
10929
11646
439
7379
1716
185
5768
12293
990
10014
14142
8259
12157
4342
7373
10340
11502
4899
11462
11080
1491
14954
9322
7706
11706
10902
6535
5845
5658
266
12264
15271
12476
1521
4489
5452
13591
4071
13010
6184
6778
2579
4481
7726
14689
5398
15227
7089
15464
6175
8502
1793
11435
632
10721
11542
2891
12680
6506
6474
595
4258
8971
14101
6343
14178
4509
372
10747
9734
7152
11590
12193
2002
14945
8899
2562
7102
7245
11333
6512
6929
4957
14931
2786
12324
14054
4218
3816
5741
4293
6796
76
15268
14351
5293
3175
3702
9183
2350
9560
2344
4187
9947
14733
5232
4178
6162
10883
12629
15597
12852
11326
12928
1476
15611
9349
8500
255
9068
2683
12950
13092
9232
11300
8671
9802
2305
274
5408
581
11936
2653
4632
2283
10822
13730
6384
7230
1812
511
9995
8690
7705
6378
15101
1120
4793
14805
1831
269
15591
7362
282
386
3531
11126
5539
10426
9314
3299
8407
3280
6700
2538
378
9579
14759
6442
1999
3268
2655
5134
6460
14408
12601
3322
14554
13631
11930
14325
8919
6437
4685
13624
10100
3919
1580
10646
8444
14707
3882
12651
5032
3312
14795
14042
8211
535
7859
8935
859
7359
11493
11013
11956
6639
4665
5031
9650
459
1991
12829
11834
15574
13444
223
9843
7213
10494
8672
5691
10951
13681
6557
1286
7446
13906
4889
12874
14212
8007
538
13854
13675
10879
2742
2832
10470
12019
586
4204
1448
1835
675
1742
521
3929
10968
7187
13699
10312
3048
14057
7909
12031
476
7398
4272
7453
6010
10392
536
9040
11808
14697
14659
10898
1218
7643
3545
9354
6605
7035
11825
6407
25
1887
8005
13445
12743
14555
3940
3736
12282
3629
3040
14018
12812
7567
10860
4680
3791
13201
10524
8760
5052
12943
13663
6755
13211
10108
6562
12354
15447
12050
13446
186
15624
6779
11324
11305
7192
2275
12608
13634
1603
12020
11263
4290
9250
11704
2031
12298
13947
9258
13907
6388
9461
8485
956
6798
4749
11162
8358
3357
6331
5689
1648
934
697
2949
196
10047
13625
5730
5102
3767
11194
2280
7684
4171
13949
7311
11211
8946
13628
3861
12135
11553
2936
11504
7016
15191
14181
12147
4769
7742
8776
12803
967
8802
2909
748
2695
7118
11811
12994
12289
12609
5135
8937
10763
8263
9660
3766
9958
3598
10525
4747
639
10618
11945
15580
619
8859
1009
12921
6565
13359
963
10423
4529
1337
6815
9192
2098
4030
8425
6049
3640
6632
1281
8723
14617
12403
14655
8997
8221
1093
11841
7945
8001
2226
12837
1520
2796
4696
15279
11664
1604
6055
13506
4314
2662
15579
3801
9080
2667
11650
9384
12843
12761
4734
9253
5817
12068
13148
8434
1004
7257
849
12070
5252
12560
10501
591
7850
8218
2269
339
1433
12865
10890
11243
6156
999
7374
14016
13023
3664
5640
13048
12911
11676
11147
3912
11877
15251
10985
12161
12592
14287
7241
2391
12647
9175
12768
13607
3007
8406
3171
14433
10135
15461
14504
4350
4217
2279
646
8949
12982
5632
10858
7284
12431
10795
5283
5595
13378
10724
1237
3397
6124
14247
3283
13335
3285
2465
11439
13825
5284
12265
10483
15418
9494
3973
4292
14600
10186
7972
5846
13887
5875
7290
5841
3625
3888
7620
10030
7498
9467
10169
3159
7043
9550
9305
13021
15017
10605
13541
7967
10631
13037
8268
6239
10500
9876
4004
12856
11022
10759
8216
6014
4902
8236
5899
14873
106
11393
7829
3672
8170
5486
6020
4837
13696
5447
13044
9702
12018
3552
8027
4615
15059
10965
1595
4145
13768
12327
6036
2258
7978
6718
12408
3429
4542
15373
13848
12561
6918
5009
10461
14717
13684
2409
11083
6935
1878
7943
281
12189
4776
5155
10535
4199
4225
7770
6774
9774
14362
4007
13413
4671
9414
11339
12932
15346
12966
4028
11189
12064
3877
14479
8411
3306
1227
9216
3718
13333
4990
13975
12218
11966
2774
1589
6620
11341
4626
11782
8604
6163
7532
11682
15222
5912
4352
12912
12310
2735
7013
5109
4796
12009
15262
10766
8101
4017
12454
2815
4099
4185
12905
10753
9974
10791
15587
4324
10584
11905
4076
1718
2415
3769
2867
12364
5473
14906
3780
14825
10552
1824
12537
92
4840
1689
15382
10499
8562
10545
2499
593
8006
129
15510
3788
10532
8108
15479
10414
2193
12355
12051
14425
695
3197
1934
8703
5997
10594
1327
2206
10180
2105
13123
6011
626
9721
12566
5092
9591
5925
10361
9100
15219
11440
5733
13239
10937
7072
8138
317
3078
905
13323
11434
8398
8073
7749
3044
13777
8992
15012
11594
5108
14764
12886
15008
14349
10311
7239
3114
8389
14285
9832
4454
3687
1186
13131
14976
15393
7027
9287
8147
5368
8490
2969
10289
7923
382
9156
9685
1889
13994
13980
8898
10024
12665
12846
10261
44
9957
11328
8095
640
10260
913
5908
5952
1619
13377
12760
1219
6546
1434
12115
13593
9573
6908
14288
4102
13388
1567
3671
6870
13305
11123
8226
14167
13702
12692
6907
14261
671
7953
10389
3348
4161
7393
3062
5493
14075
1837
1278
8309
15413
1977
14076
6744
5630
6497
1451
15083
7862
9332
7248
574
8399
12393
15137
12079
14992
10571
8517
12797
1532
2402
3953
2260
5663
5792
13640
9011
11468
4860
3719
11085
8980
7655
7175
110
10922
8198
3118
9249
3184
8912
12510
2802
12459
3481
2895
10148
10829
14012
10248
12181
6977
4909
9779
835
3643
1973
10916
12385
13850
8295
9344
9479
13826
10160
11095
11545
9360
5581
7586
8784
8494
5455
3472
2675
10495
5490
2141
1185
9714
5303
15119
7999
9213
2281
7482
670
5240
13245
13150
13936
2504
7569
9199
12041
3134
1083
8400
13878
6271
12583
3689
5695
7647
4005
7898
15454
14573
1473
12727
5256
12419
4871
10865
5664
14597
10828
9391
2058
6519
7489
7759
12590
14122
9285
4257
3263
8315
9429
9750
9119
14046
10457
11210
5010
14516
8953
10150
936
12808
4009
7598
2959
9239
3335
14396
13462
11375
3569
113
775
1546
6534
8763
2265
7352
9901
5812
8008
5541
4303
10182
7026
12969
7645
1607
2013
3578
5327
5461
12763
14667
4091
7941
13427
5698
13340
226
10110
3431
9444
7447
15407
1566
6164
12614
12287
3391
2077
11961
134
13772
1666
3566
15027
13794
5149
2650
14548
7621
13161
2986
10921
12862
1228
8331
5542
4805
12605
13296
1704
11636
468
11395
15071
7946
5296
4852
14542
4552
5432
11951
6922
13895
14255
10632
9535
14850
8059
14374
6040
9905
8382
3138
10236
10682
12411
12494
12143
4300
4405
6189
6585
7786
1316
5721
7649
1510
10743
12949
3085
15130
2651
1613
5059
14033
7025
9333
13497
9359
10700
5439
9167
6047
13369
10711
348
14004
5485
5578
6165
5468
10681
15475
12634
263
8342
7316
12502
3558
13780
9409
14417
12764
2142
9809
2395
1702
2240
15437
9880
12398
14871
9697
12751
1981
12074
4408
14323
379
1525
8638
171
1947
2514
5865
7448
516
13400
11925
7942
7355
6626
6887
1983
3508
7176
101
3999
5272
661
5727
13991
4378
5136
1762
4474
9961
2916
2119
8420
13387
11229
14399
8282
3492
3581
3913
7381
9309
287
1265
11990
621
4048
13834
10001
1355
2881
6286
6113
7409
272
6975
9667
11002
2644
1359
865
8267
6293
14638
5977
9534
9436
10338
13485
8808
2996
12965
7440
15151
8430
12317
12663
13290
9032
9269
7395
7689
14305
2175
11739
11715
236
8607
5324
12449
9427
5571
5117
13869
3444
6674
11389
3745
2070
9735
14293
9081
1505
11046
12206
8824
2794
6451
12691
8175
821
15292
12272
11043
1409
14580
15032
4049
14904
10
9247
10012
3528
11425
7382
8200
3848
8166
7589
2527
10088
7614
9411
10538
3502
13622
14564
3406
13408
10566
9592
7045
5431
4872
13786
2237
267
3838
14023
6246
14463
5071
1540
12926
13276
4235
1057
9134
8045
9516
6662
6145
4479
877
909
7337
5111
12457
10735
4748
11471
4770
12740
14541
7562
10425
14400
13901
9312
583
8541
7003
7357
13177
10838
6056
12659
3954
428
13361
52
13950
292
15127
2324
8762
13356
7529
11668
11938
10241
3442
11267
792
14172
9616
4915
2396
169
14138
11714
11102
9893
4483
9273
820
13396
283
11756
1643
7116
14616
14014
9767
5622
2127
6724
9029
12387
9509
11343
2336
64
7901
4548
14587
2600
2838
9882
14997
5204
13632
9990
15312
4524
4554
11376
8600
3914
15423
3680
3818
172
10029
12861
15417
10906
1092
7174
10454
465
35
2982
7258
7323
5415
571
58
2210
5551
7279
10087
13063
4291
4056
2347
13697
2680
720
6503
11721
9403
11488
3495
11653
12397
2717
7092
6653
15037
12470
4182
7823
12821
10448
1076
3829
1475
14159
2740
6076
3142
15287
9533
10507
10561
6861
12350
7076
11609
4051
7699
14864
14671
12379
3577
7015
2541
12101
12256
5667
12942
11965
8866
392
547
12546
10291
12029
4229
6449
7827
13521
11530
12290
9881
9915
13404
4901
8355
3042
5838
6465
2130
1457
4370
10770
8537
10208
872
6324
14982
1098
11972
1456
5177
5190
10666
880
10458
10589
2869
8832
9208
12706
12343
8463
3045
11213
2928
9800
6644
3430
11532
5208
8457
8851
12677
942
7452
22
11107
5886
615
158
4684
13192
15068
1165
2632
2711
7232
8003
8239
5011
14718
10704
14276
13996
3265
2941
11412
8559
12877
12954
14824
2872
14845
6818
6214
11947
13098
8180
2208
2766
5335
6129
1557
6989
1620
4894
14922
5535
5579
10069
888
2020
7204
9321
3740
4140
11313
5395
13573
5969
2544
998
9713
9776
1686
14091
12384
12003
8381
15331
12053
11519
5599
13151
13662
2307
3583
15588
2624
2762
14642
4425
9162
7535
12508
10745
14340
1309
4349
4779
13039
1472
5285
8513
6555
1768
4813
7464
14500
15050
2164
3966
4982
13127
14094
7931
1383
12194
2486
9056
2822
57
4226
6696
13843
12032
11585
15007
5787
6612
5811
9964
8736
2146
7895
7044
10177
4506
2467
13257
13278
1897
14547
1232
3093
6222
7055
2556
3314
5025
1000
12112
6494
9855
14923
2753
456
8353
10015
13995
6330
10911
4241
7456
421
12831
3910
6952
5235
12795
3329
10520
4525
6713
5382
13371
14533
5905
2577
11564
13022
5400
2938
6070
9778
6256
6966
15522
13773
13920
14643
3398
14303
7504
4887
4046
4189
140
2705
2153
163
1958
11690
5250
13650
9811
191
2922
7017
10717
3383
2022
5352
15145
10715
6717
10390
13425
8021
2864
7306
3451
834
3323
3158
7418
8520
10084
49
7186
5764
15122
7682
4962
8304
7868
7650
1792
13271
4620
13986
6137
14225
5423
9142
12458
8179
13368
627
1618
13882
7674
7364
394
7712
4732
4302
6476
14650
14144
486
14371
8738
9074
11206
1866
3043
15623
2638
12535
2921
630
14865
3092
1304
902
15502
14758
551
3145
2379
6
3150
3968
10171
14621
9377
4584
987
606
9756
12243
708
2932
3049
11472
13822
3033
8191
9960
2201
1089
14328
8623
14001
1668
15014
2529
12532
11262
907
5673
2383
15569
1594
3478
6681
11487
4265
13206
15442
12513
727
7166
1260
3172
6672
3182
14416
1519
10542
8930
7126
7269
14948
12602
2553
894
7606
3893
5510
1650
4025
12465
13291
6582
7768
5101
641
4821
15485
1758
5058
6122
3751
14295
7264
14277
9495
3963
7014
15058
12262
3840
11359
989
3778
8354
4726
11079
7171
3023
8202
10071
12720
14486
9801
10918
7018
1634
5167
1841
3070
13459
7254
15063
1874
1733
12631
11998
10225
13706
9505
8081
12092
5655
355
9008
3537
7801
2767
6436
10267
431
10782
9847
10887
1929
7776
11898
14487
8969
3462
14524
7819
9261
13164
14740
3648
8264
15480
14056
10321
89
12897
6027
9924
1361
3626
7904
13563
14691
8310
5668
1778
1273
1362
13104
4288
11900
9688
8673
11741
13749
11092
11764
12906
8636
3683
721
5870
161
6267
9102
10840
12518
2550
9849
1402
6088
6928
13753
8546
11442
11946
2955
7927
4923
3737
14660
5238
11562
13800
4797
10880
1745
10278
10333
4880
13542
1694
10121
8566
6599
1563
5956
7792
4287
14787
1051
11931
3505
7678
6099
13347
5800
954
13701
2044
8817
3013
4372
870
5386
5035
7053
5207
806
15000
7385
11318
7727
4948
14236
6884
10398
9917
6087
6611
10247
8768
19
9061
5154
10830
2639
981
6658
6212
14860
14059
8219
11997
3109
628
14628
10343
7310
6592
8165
2503
15514
14802
9840
5629
9886
4340
11382
4644
5383
457
335
1914
11394
10522
13232
1747
5427
1307
3524
6995
9112
668
7309
10734
3956
14619
11459
11495
2008
9154
2095
8305
11456
9844
959
6915
14252
6732
9657
5924
4761
2681
14291
14000
2574
10438
12236
2274
14991
6773
4215
11038
7406
9715
15184
5960
309
6263
6709
5462
8603
112
15055
15134
11271
14279
3634
10884
10722
5751
13249
2728
8740
12628
2866
14582
6224
9388
8525
6514
7378
12661
11520
518
2084
9700
604
10480
13774
12373
1913
7640
13847
6874
12012
8452
91
13620
167
14503
15391
6062
13431
3670
14995
377
10353
2131
7036
11275
10964
5361
9568
8766
6852
1442
9923
6510
14946
5182
8318
2604
3291
14614
1026
13678
2509
8943
4758
978
1516
14274
3992
6821
4588
9086
12444
1097
11828
3790
3115
8976
13056
4707
8422
7458
13432
2708
2827
2378
7460
1431
14627
14789
14393
14032
13154
8617
15231
3259
5077
10410
11892
2835
1632
9204
12205
10807
10303
12522
8377
10761
10109
5044
13443
15096
10239
3897
2439
12981
5557
4850
1774
5188
9252
5872
6064
3541
910
11916
11390
7679
483
12163
1479
8247
14686
3243
1854
13564
2566
3872
8646
26
14625
9698
1001
3535
5534
2727
6204
4391
4121
14082
7583
9946
4478
11391
14857
13350
9625
6747
7651
2250
7469
8363
13645
923
5717
5380
12579
11351
14153
10256
10002
14473
5391
14290
3726
4037
10373
14024
11918
11303
11658
3108
7725
5941
7339
4811
4895
7397
10635
12703
7507
15139
786
15470
1480
8583
12339
2721
2789
12689
4066
3792
12731
7094
9113
9666
7282
13931
7508
12213
14336
12817
5643
9912
13759
4791
6783
5392
4570
5888
8419
2670
1955
14762
8099
6172
3060
8028
5795
12762
15426
14776
15240
6613
12530
2960
10415
1813
12832
15132
679
12323
1902
10050
13648
257
13297
1124
12864
11569
933
2230
3454
10344
14676
3905
5021
1760
3194
8322
14269
6001
10877
275
5675
4768
3466
10733
6308
11430
5766
2408
4825
10235
1767
8618
15258
7698
1193
12452
3661
13159
5131
11702
8317
15049
2549
5309
5146
10678
5923
7285
11135
839
11698
13554
4164
4015
3651
5928
4906
1096
12611
3089
4008
6920
2734
11482
4338
11354
20
3723
8303
3903
11308
7566
6849
4072
2965
14197
11304
8610
8260
6881
12666
3639
1886
1788
13258
10416
14460
915
15589
13260
4144
3414
3359
9283
9978
5634
552
15010
3457
4383
14257
4248
7334
9071
8712
13139
13677
14309
15381
14853
1528
15459
15512
3996
12597
3950
5334
7633
11824
10399
13318
6346
6344
385
2818
9525
6689
7740
11620
8880
6735
177
6232
13900
8300
10294
14887
13267
6420
15513
13494
2217
1602
13225
6567
7654
12491
4721
111
947
2937
11467
6240
2528
13961
14780
11078
14716
10690
3494
12190
14007
10684
6121
13495
4802
11419
11818
6985
9237
74
10604
2304
11480
10930
7741
8925
15105
14849
1333
15460
5555
12772
2037
3328
13320
8567
12474
2747
11506
15209
9207
2914
12106
6015
2026
10675
15086
11399
11889
7487
2483
11338
7702
1725
6623
3556
12990
7104
12266
14715
10891
13664
9135
5670
7672
4027
15117
7299
8442
9327
2805
2381
12723
9485
14232
2030
11461
5122
14670
11202
6964
4947
11937
1047
5237
2227
15048
7050
1826
6458
488
10105
12341
15568
5001
4284
7764
10386
10003
13393
3509
11025
10737
1859
10536
14427
9215
7701
2823
3498
6756
4783
6059
14773
6042
12067
11009
3947
9038
2407
7893
6844
7201
8869
14281
3549
6996
3536
9819
12086
11516
2811
4202
6763
5263
6100
6957
3927
10450
4163
1091
7100
6916
13763
11207
13582
5255
7147
5195
216
13187
1900
11746
3879
12523
2432
5420
6521
4693
13292
12002
5633
650
9569
11175
3394
4571
2461
5832
9231
14369
8885
2591
5645
7138
14820
11762
7199
8130
6217
7805
8984
7068
4645
2983
10056
2777
10973
11096
9447
6110
13160
2089
14372
12543
11665
762
9926
6824
1263
484
3278
15254
4891
14886
4556
15499
3200
5731
5757
13504
11117
7343
4158
14148
3527
2046
8124
13451
760
15410
7708
4777
15537
1911
14376
14996
1171
3011
7132
838
3647
3302
1853
11447
15443
3427
9486
10132
8271
1806
12286
15360
3974
13718
9806
5712
13411
522
9357
5856
15446
4638
5330
7703
2731
1882
13823
222
14532
6745
11958
6464
7437
2497
13486
1741
5985
10564
69
1139
1800
11131
13752
10512
10555
3022
1905
5618
4320
11959
14970
3107
1459
13581
15435
652
3376
5495
8862
3456
4471
13914
4277
6316
12294
6531
4026
8589
10385
1893
11377
15594
14242
14063
1967
11100
14610
7987
14339
2672
3946
14612
7097
14092
10196
13659
8055
4464
13293
15099
3519
3573
5494
13441
2382
14214
2507
4870
12729
12520
3294
14241
15448
8663
11675
12035
2221
14646
9365
6807
4312
5521
6144
13867
6197
2028
2401
1924
11364
13053
3948
1864
3932
13943
8118
4397
7308
11274
9656
9390
11317
1552
8512
11809
8257
2468
14100
176
8518
5932
2873
6842
9449
3813
6726
6570
10927
1357
4120
5442
9293
11264
2268
8597
15546
2848
7944
3959
1810
1937
8598
7737
2543
7687
9620
10170
12392
10118
2874
10980
14055
1467
10754
3844
398
12416
12632
6913
950
14540
311
13590
7145
9614
993
14139
2847
14430
11169
14870
14826
10839
6782
3662
5877
12527
9867
8819
8146
1146
7752
2245
299
4612
14331
10729
8551
5142
8176
10859
8316
6280
15397
1084
15152
13874
9793
11982
14341
12572
12442
13055
12898
9242
4000
598
7286
13911
12125
12516
1830
6485
5988
13017
356
14466
5152
8714
1
14263
4999
11623
4640
12894
2348
5518
14607
10949
12447
15160
11662
1940
5922
8297
14259
12650
1844
14008
6253
12146
6475
3232
6052
5036
6373
12881
7038
14941
13798
5654
14921
1628
7781
6766
13463
10749
5412
1115
11902
8096
1400
7826
13032
8593
8605
7499
1011
6245
15496
1885
4605
14971
3630
3426
2974
12463
728
9743
8047
7471
5528
10798
13138
10077
11365
5357
14783
4465
13469
14640
13527
10572
166
14909
8679
9169
2331
10042
6430
7629
2729
11030
10232
1751
8803
3001
1926
9580
7115
3216
4021
3220
6456
14725
15378
94
10336
9890
14956
781
4093
9741
13835
10031
15357
8632
14455
13902
12498
5820
12920
14039
9442
7784
2677
908
3068
13134
4597
2157
8778
9066
4067
11750
10527
8716
9339
8017
14827
8486
8628
7405
9791
1372
8209
4446
8527
1781
4782
11777
11496
5829
13776
9492
12049
953
13629
5438
4981
13242
7491
6527
6917
6814
10496
15555
3876
10412
5836
11701
367
13676
11403
608
12694
15370
7763
11214
9941
4716
2831
1195
13093
2779
8086
11233
11970
2875
10562
4044
15202
2129
13338
7099
2870
10391
5084
8464
8665
2984
12524
39
4109
5288
4998
14529
8504
14723
8591
1104
10068
15174
5984
2975
12849
1676
850
9063
10055
3862
2688
1695
15302
15375
6016
7077
4177
719
13064
14812
4323
7806
4143
6628
4934
13954
11868
15345
8677
7342
10404
15612
9521
11115
12224
1523
7039
7476
7340
13755
3928
8863
233
12480
9950
7756
11980
7766
10037
3714
15482
15208
13597
8036
15261
6397
4892
7165
9965
4259
7843
14563
6981
3468
14681
12714
11587
6021
12123
10473
4687
8780
4136
7833
7600
6897
15238
4879
6593
2390
9718
7874
6614
2458
1807
7485
12637
4670
10556
2112
6480
346
7253
6102
8291
11077
5566
14917
2124
7787
9078
8854
6770
8475
3811
8595
6615
14111
6128
14419
2865
5944
5666
9210
7808
14449
4818
4141
1608
2751
2899
9184
10224
15314
2720
6153
4462
1271
6057
12730
5433
11671
5306
14179
2088
1231
14816
1080
7576
2371
7098
11599
9981
11555
10513
15376
9019
10006
6776
14648
7991
4986
14390
1203
9202
14778
5042
10784
6685
6837
5399
9593
9408
4780
13923
3435
3942
13266
3432
14712
5704
4146
15472
3513
14630
15532
3378
12164
1821
8298
5536
12231
11360
8584
9370
5484
9551
5365
11760
3610
7262
13220
14926
13188
10203
8654
11170
1045
7785
3248
12186
6299
4809
1526
7964
7609
13447
8739
13109
11903
11052
1125
11500
5082
7371
2068
11723
844
4859
8675
4723
2016
1067
6902
7276
14752
103
13944
5808
48
3005
6312
2005
1323
7229
9617
8242
11539
13334
13705
9170
14813
8991
3223
8775
4917
11770
7354
42
12669
3823
6492
12541
1443
6992
3555
636
9128
925
2985
2824
6703
15396
5489
11521
2694
3422
6974
11161
709
10616
72
8696
344
14965
14866
15387
7178
6938
4236
14930
13525
3320
2923
7615
9513
3473
6285
3177
14043
9830
7822
13106
4885
12539
10583
14386
6558
15135
537
10335
13807
3694
13722
1247
5121
12159
13568
10138
9751
1776
4413
2186
980
2162
10174
13799
2693
1178
7993
13224
3982
12345
5656
11416
6385
9457
8454
2394
11261
10032
6572
5674
4543
13871
7455
1890
7842
5140
8894
10710
7433
7591
2191
8761
2712
15455
11705
9726
2806
11433
7360
15225
5682
13183
2763
4020
9503
5776
14484
15383
5063
1121
10793
7472
11805
4702
1599
6171
4992
3447
4698
1578
8230
7022
3390
14844
7617
6176
7288
6645
6446
4270
700
11479
12261
12270
4242
15598
5429
9299
12346
6864
4367
5559
4063
14932
2664
9645
6006
4567
13238
1066
12741
10834
7173
1687
6041
1659
8427
14517
1268
751
5132
5331
4410
4420
10210
4468
5286
1690
14045
984
12533
6927
4740
8064
7137
7333
3560
11282
10644
14223
14010
13329
5785
3824
12153
6354
10250
10819
5477
13685
9780
496
12790
10206
13988
14112
9682
9027
9512
8836
4031
7939
6730
7320
9025
722
9358
97
15519
2737
14319
11174
11781
9952
3347
1850
3663
4244
3765
11437
15398
5460
534
5419
15343
5500
7370
9553
4253
11018
7683
7971
1244
10864
6479
1898
6828
14925
9103
12255
15280
5903
11879
9448
1755
4961
6336
11747
2148
4599
4512
10771
10272
84
8630
9835
3205
2300
8417
1429
4131
7803
13096
13120
6277
8514
10914
11256
12005
7693
2075
15303
1779
480
9126
13580
14464
12233
6478
779
11464
14665
1454
11094
1964
93
1846
5680
4630
13552
10070
11625
7278
3061
8056
1453
13670
12941
7731
3645
11632
195
3218
11001
5866
9179
655
9336
1625
8090
8423
14388
12438
3169
15551
8360
5024
1293
8145
5463
7218
8139
10217
526
10931
5178
8261
4461
11963
2152
10189
6991
6498
11234
2678
2630
3065
13314
14098
15293
6761
7356
5511
3349
1637
9977
10075
13146
15341
10371
15428
4294
7873
8985
968
208
2356
5203
9826
12545
6690
9418
3866
15450
8286
11953
11848
9605
381
4104
882
7432
6905
2216
15308
15072
5138
8555
5827
6238
2701
6322
2133
8374
4450
3354
14365
14245
14165
15566
11859
3425
13633
13683
2979
609
857
11165
5505
692
7760
12478
15021
10316
8424
1730
5249
1569
2533
572
6548
11732
3489
1773
8435
2357
3565
321
8440
18
12595
14763
8983
1641
8860
8408
3614
10106
826
6013
13144
6367
10955
9076
12606
214
12900
8421
2813
10453
15347
4843
12344
3770
10485
12427
11528
6467
8368
5553
11831
10823
6951
2367
5883
15409
5517
2840
5369
8876
332
6543
13815
14568
15273
14266
8699
13434
8979
15023
10638
8161
1590
14674
13194
8273
6066
6457
353
13857
3995
8278
5389
14038
6370
265
11245
11651
11476
4493
13081
11987
15013
168
7396
4815
12568
9724
3887
6955
10299
6400
4547
6422
3178
7813
306
99
14935
3338
14576
9869
8386
13415
14522
11020
3267
2912
9828
12420
3883
5279
8356
5907
8120
12210
2913
13244
10328
12426
5343
7490
15070
5048
6686
8857
10660
1919
2399
7059
3547
2032
7428
6257
9450
14080
890
10958
5524
3761
4142
1017
9609
14366
13511
891
14511
6655
2946
2204
3937
15521
7079
13635
5544
371
8048
1365
8379
3934
114
1328
10179
2277
13230
14330
6236
4055
12639
1708
5349
14885
9037
833
13126
4728
7825
9131
10057
5720
6571
5507
5970
6130
5227
3424
12313
9839
8526
2018
1214
4936
2029
10894
3592
6075
4166
14647
4451
13401
11477
705
4674
10642
11239
9582
814
6772
15061
10153
2775
2525
8460
14170
2085
14788
11368
1611
9278
6243
10147
6600
5609
7183
9468
3482
15298
11915
2368
6419
40
4122
12977
7353
623
4910
5262
9940
12311
6610
10435
2319
1617
14859
4565
6704
12744
12495
8016
15162
13409
8052
13243
11656
7238
2099
6072
12116
5636
1354
8648
7426
15453
14173
15108
4844
1512
9347
4970
9583
10765
11296
13731
15233
3066
1881
7281
11952
13319
12307
4550
12453
14356
13626
122
12314
4648
4176
11209
10698
8867
14672
2328
9558
4523
9379
7571
15075
9308
10979
4113
14193
812
12425
6529
13569
7824
8744
10696
914
14862
5567
5894
10255
4197
451
5706
6786
4129
11171
2803
5638
13331
8891
3230
14304
4997
13016
14448
422
13385
4211
13781
9680
8814
14702
2065
14668
4964
9407
11114
5323
6123
10038
11907
1530
3764
8362
160
7836
7435
11407
3227
4510
1158
14162
4587
8453
5862
125
13533
7592
14705
3021
6865
3554
4444
15179
2080
12722
9050
5070
11110
4097
13124
137
11250
6723
1118
5725
6345
6170
1272
1658
6287
9294
2448
4434
8035
11854
12209
10209
411
7451
14109
13399
3018
7439
6630
1134
6096
759
2321
2750
3943
9133
12918
4563
5112
5367
7750
4965
9496
1796
14462
10228
15365
9538
2602
11606
10757
8140
9989
4566
3128
13935
4657
10945
3135
3334
6574
10010
3969
4817
6569
12813
2523
10192
4516
8476
1644
8521
9852
10896
1496
9963
5828
7739
2113
6499
15173
15400
8479
546
684
13090
9401
2764
13086
9823
15033
77
8466
13310
9993
8884
7467
10420
1126
9956
1174
12830
15369
9090
11181
10400
2490
14060
4429
9771
12259
13758
15411
6484
2532
711
3034
10041
2263
9181
9637
6234
9453
6365
6688
16
2011
12320
8255
5291
2373
13512
4940
2709
9465
515
12892
10027
8565
6833
8913
6395
736
12180
13082
12517
247
5437
2704
12978
15601
9323
7957
6169
13661
15106
2522
12726
8033
8415
1128
5003
1419
1938
10243
12148
5563
3655
11257
8882
647
1797
10396
7408
4014
13970
1226
8721
15478
15020
3167
10588
940
15509
7510
15286
2354
8645
5525
2168
3772
7974
15300
10579
6832
4704
5714
10654
6339
7392
14521
777
5428
5781
6702
4820
1915
10816
12939
568
4933
15553
8957
4683
562
898
1544
5171
11612
14244
6820
5659
11788
7910
2063
4989
2158
3727
3224
11554
9903
9972
9300
9146
12643
4816
6616
11878
15321
8367
4531
11845
8115
1046
5549
8394
3839
3515
12198
9943
13613
4876
4935
115
3361
11803
1113
14596
4603
9895
13710
11717
13973
8982
1330
14467
1221
10440
12536
1200
8350
2586
7520
6023
15172
11779
4251
8109
14999
4921
7631
11660
9979
12672
13118
8114
13307
425
4666
12260
12775
4085
8085
12664
6556
12766
10806
10221
14477
3713
15353
15379
9026
14222
4764
9896
12269
3415
11624
8026
14149
4400
15433
11016
13832
9456
6987
13933
3198
523
8556
9695
8874
1688
13898
2981
8585
6186
5783
12983
15581
7882
11534
2159
14133
8375
12027
4731
15081
8828
14311
10746
930
13395
1635
1652
3735
6215
9562
596
11964
15094
14161
12578
6500
11505
4800
14546
8680
5608
336
873
10657
9600
9047
11385
5258
5854
1148
10223
3618
12673
9796
1978
8939
192
801
11628
9277
142
3166
7680
1065
1042
14345
7394
7480
3496
4610
13251
2200
15559
14534
78
10498
15185
7062
13231
6736
6235
3465
12089
6178
2551
10122
2790
14846
1030
5282
14439
9585
6409
1899
2581
3514
3638
6026
4395
1324
8383
4086
11004
8253
13135
3717
10634
10873
5164
9765
14962
3858
11906
6350
8469
1014
12094
8150
2012
9151
2220
994
14493
7000
11201
227
4174
4812
6329
3247
15511
13517
6701
5805
5215
2963
145
2151
13578
6008
1119
3676
10253
3632
3050
4423
3362
12370
13608
7156
13567
1531
1880
1916
7321
4745
3057
2535
13167
14485
12347
6259
12500
12349
10350
12653
50
14690
529
9396
13428
1786
14855
8222
13612
7470
10612
13341
10085
9306
9186
11415
12644
11941
2118
12682
12130
13282
15392
9426
10716
13810
764
8341
11527
2163
14785
10282
6608
8952
14097
15516
8215
13454
11796
9137
14401
8122
1397
8613
11709
4327
5515
12368
2625
14278
1547
4631
15035
13528
8378
13778
15399
1662
8329
13939
8635
11455
9012
316
8883
2994
13921
13449
12799
10587
14509
11452
7956
10543
12492
4810
14618
13913
2617
5641
8547
9948
3674
2924
4553
1910
8596
12806
10419
12538
9091
9984
15570
2384
9654
3386
11260
8563
13107
9919
9289
2239
8104
9543
8658
5079
15491
10297
3637
11288
12580
7851
3121
2804
13367
5454
15274
680
599
4393
12540
8774
8642
11134
11557
13308
9069
7973
4916
5788
286
5375
1922
3958
3088
8660
15429
1344
10680
13078
6004
15616
3195
12284
11867
2829
15054
4274
13478
4169
4954
271
1317
1422
4718
12230
8792
12091
7450
15563
3388
5955
12389
4083
11565
5345
13442
5483
7383
14751
4577
2189
14499
14426
387
10185
1144
6949
13658
3754
9676
585
10742
13298
4715
7423
9115
5672
14644
15062
1722
14070
3341
7267
15277
5678
8834
4742
436
13119
2266
2062
10667
5187
9425
13374
9704
4331
6720
6221
9988
1585
3851
2676
5216
7717
12594
7078
8414
3116
12110
10832
279
4098
9874
10674
5337
3212
9655
15529
14936
6452
6871
4743
906
2716
3071
4011
12456
12052
8432
5855
3331
899
5496
8194
7977
7860
5532
1930
15403
2042
7108
490
9054
6244
12014
11793
3160
10345
5990
13609
7436
11320
5793
7745
12801
704
10984
4173
15515
12188
1153
9530
723
2845
10407
2071
9594
9439
8532
7048
6516
14713
11635
8262
5159
2723
4785
3516
8697
463
9034
4301
2261
9872
10912
3112
9387
12183
15118
6017
7528
5465
8905
2799
15368
10484
8455
1809
2106
5012
6007
11639
13342
6275
14013
13894
9567
2410
5978
13149
14456
11826
9286
778
1558
7275
9244
11858
2606
14315
8897
5470
2743
5328
15575
4362
14809
12365
1951
7095
13519
13560
14105
13213
5980
10790
2825
2854
3382
1571
10751
2898
13199
11248
11446
5038
9421
15016
7527
3339
8102
4751
9351
10199
14355
14920
14566
8538
11297
7565
1870
11728
135
8196
11991
12697
14395
6318
15484
2179
3119
6018
1172
12630
2545
13739
8830
6969
12297
2710
7968
7401
9916
5456
7037
13182
1183
13711
8967
3174
8388
15199
1735
7256
8326
13551
3208
4192
11490
13981
13398
2006
8639
1746
4205
11178
3120
6517
11515
638
11932
6349
14114
85
220
11509
5617
6803
4987
3733
2024
1213
6990
10112
3571
15503
11817
5957
9284
3190
4733
3730
14233
4360
3255
334
5885
607
15165
5064
11677
13153
3633
1576
5619
13915
437
11934
576
15067
8545
3584
9636
5568
1208
12825
6372
15395
7228
2501
9884
6692
3551
10178
13450
15359
9561
3521
3915
12212
12172
5694
14040
5471
5219
3796
6429
9014
14837
2247
12957
2819
13736
34
13908
741
12006
11890
2317
10173
12814
5313
3381
3542
15545
7008
7056
8975
1610
8373
14811
8020
13562
9423
8416
6033
5019
2411
3715
15430
13654
4857
3371
108
14912
4746
1673
14494
4264
11203
6440
2850
6646
12737
7917
5831
9200
5577
8285
10856
4589
4404
6749
811
2997
9536
183
2295
7445
9519
4881
11396
706
605
8493
8433
4060
1960
11072
10034
11865
14934
6549
3102
6762
7962
11596
15549
5624
10603
14022
12528
12423
6711
5310
14231
14380
438
9618
7066
4459
107
3563
11810
13721
1994
489
12380
10719
5736
12529
2416
9265
6825
9758
2325
8881
10881
3546
9581
13550
4082
2778
10683
1027
3785
13875
12794
6427
360
5407
13865
11574
12497
1551
7630
9120
6742
885
11697
8786
12617
13020
2003
12023
597
7386
6879
1012
4863
622
4569
14454
12753
2836
7303
3868
5453
9727
13286
9885
13713
6031
6800
239
15547
12090
7950
13669
13858
128
6983
13212
2830
9462
7936
15565
6167
8217
1297
11105
4077
6341
13051
8043
2947
611
10218
3971
5080
7444
32
10065
8684
2310
11051
8914
8609
6687
14347
15278
1282
903
5852
6241
173
13114
8631
4842
4517
14095
12301
6424
6203
12030
4609
4608
8574
11772
783
9440
5422
8794
7817
15005
2787
8942
4625
13414
7818
13380
9153
3631
13013
4336
3124
15564
15092
9331
1191
9777
13196
12526
3507
15034
682
4507
15036
11226
12798
5289
7912
2091
14102
15436
4676
1925
7831
11138
10083
12013
11852
9670
5615
14121
8234
8624
8106
8928
3179
313
5016
7150
96
9023
1959
180
5821
2452
9346
6231
14084
13111
14848
7237
2287
8903
7058
3906
10908
4781
10847
12185
11749
7294
8771
6563
10904
517
14418
575
12369
4938
12179
423
10295
4729
7738
9127
15257
3146
5196
2135
7411
5850
9846
1450
3575
14140
6719
10539
12858
977
1073
11566
15358
8371
11508
14998
10403
4960
663
8820
10445
8287
10900
809
11249
136
11694
11091
155
11166
14230
13189
7928
9217
14977
12848
5260
2684
1224
15452
13837
12884
3204
182
4753
8764
13083
477
2166
8391
5248
11730
10020
5857
5194
10553
14990
15605
1378
464
8842
13223
14468
15610
1858
4105
2992
14894
5993
10888
14190
14771
3181
10207
8791
14782
238
232
6994
6320
5223
13309
4250
7222
2696
15186
13264
6707
7960
10504
1117
12992
13500
10234
7143
14115
13005
6900
13805
9451
12394
8032
9372
13263
14146
12967
3450
14803
3599
9761
13337
1314
11177
497
4858
15561
1064
7570
9319
6248
14543
9527
13804
5088
803
2170
15622
8841
9152
10021
4456
11919
3807
9973
6976
6944
3945
9417
5147
13503
6161
472
858
221
7855
12158
10785
6545
138
8319
7716
6366
10574
6435
14413
7250
475
15064
2953
14301
8580
12544
9
7049
14579
4682
1771
6024
8741
12087
1783
7154
7518
8498
7424
13222
8061
2607
7084
8955
12593
4664
1556
12896
14609
1559
9747
8990
12688
3924
8918
11270
6089
9304
8302
4329
12016
7557
6622
12010
5926
14890
6392
10942
7505
5341
4075
10764
434
14129
14314
15244
11065
587
4195
5762
1266
8205
13492
5083
4649
8450
10360
7883
3693
2014
13838
9211
11823
4441
14839
7514
1216
3244
15543
11631
6835
1820
415
4328
8346
10812
13116
1135
15109
6578
8965
5887
15576
5906
2563
10596
14602
2714
5737
5743
6073
5073
7526
7519
7407
141
12187
1335
8864
1254
7949
212
13816
9083
1529
146
13241
683
4900
1493
9728
1770
2940
12445
10815
1087
14041
14297
165
6627
4568
15264
10275
11309
1463
9675
5935
11729
11711
10586
6157
3750
11050
15607
11280
156
13438
15272
7120
12685
5693
1497
8025
11816
14442
395
15051
5844
2296
5268
13814
8189
11661
10093
8879
11057
2228
4392
11584
13069
7563
10395
10534
2398
373
4034
10101
11150
8506
10800
1541
2887
4316
2882
892
3446
8560
13919
4018
12707
649
15069
9684
13228
13916
1550
3830
14141
10370
13034
119
1370
5165
8392
5128
2312
14224
4646
15535
7547
9897
11615
7372
2389
5765
13259
3084
3458
12367
11130
8750
12687
12859
5677
15374
14354
11344
11132
8213
7536
2161
4310
7954
712
4914
12279
8022
9962
251
10166
10999
493
10947
12626
11686
7244
8839
11220
340
6347
8933
8060
147
7503
12127
9967
14211
818
5822
7719
2863
11411
3266
8718
10640
10073
13812
3808
2172
10714
13360
5354
15335
7427
14822
4540
14515
11235
5040
8132
2647
9870
15344
14186
3010
10725
8034
4773
7937
8413
11406
14188
7516
7325
4325
3763
15421
15506
2930
14957
11784
8554
4952
4521
8049
243
13507
13254
4133
12683
9095
13343
1581
6904
4330
12997
1038
15550
407
4210
11559
13105
10699
6083
9606
2092
7542
1597
10569
12075
4172
8401
12496
8306
7006
1392
14298
3261
14183
127
4412
5614
8105
5874
15427
3091
14817
10300
1048
9782
1933
13207
13110
6633
6199
10960
1500
8335
1979
11607
5214
2862
358
544
8966
1238
10767
8009
14051
8524
7857
7861
14300
12250
13375
5226
8995
12734
973
4956
13184
699
131
2657
10064
4617
7289
1106
12789
5127
10625
3058
14727
8753
10481
6198
7295
5346
10813
9643
2649
4186
6817
8013
618
3077
14483
13215
15018
12375
13870
10817
7812
11032
5384
6793
4502
6192
14412
13647
1517
14260
9422
10673
1369
15011
3470
1667
9575
8436
12870
8694
8418
5329
1445
4803
9878
9224
8072
10967
14163
2238
4730
12839
2064
6394
6340
10871
13076
12417
11090
1671
7769
3350
5276
2957
10777
13491
11979
4955
664
1836
11893
9406
9628
9248
7875
3863
10334
9501
10301
7214
6797
11463
594
7733
828
5319
10052
14358
886
15228
342
14207
10238
5574
7052
13113
11994
8963
12515
10417
7296
3865
10202
9460
11458
11683
13938
4980
8795
9588
6775
2933
13863
1211
14079
8131
13052
15584
4598
9914
1090
11128
4168
4763
10649
6359
11281
14175
13827
4724
5748
7908
4432
7091
12273
13927
10671
12097
10067
11652
61
3708
14761
9463
7652
11353
15311
13174
7602
4311
4407
2697
14237
10728
4100
14688
8575
14814
3351
8822
9433
3619
11775
11349
6799
14507
11968
6670
15583
12333
11643
3486
1478
11142
14446
2567
4792
4622
3137
12412
481
9764
13535
4971
10957
2620
2059
2493
4232
11914
11981
4385
14677
3814
13903
4162
197
10287
6906
7031
164
8968
14470
2629
3095
2194
15415
970
6654
15438
9508
9740
11996
9240
8564
11277
7246
13351
10531
9271
5946
3798
520
3143
5123
2880
11839
12170
41
1055
3358
13457
2254
5561
11986
13128
11186
15567
7057
12281
3459
5379
9483
6481
218
14343
14757
10971
8924
7160
9367
7544
10835
15060
4419
3885
7501
13945
13502
815
7634
14243
9399
10406
12348
10460
8126
10172
1892
8550
14765
8570
10117
2573
5449
10382
11640
1515
4355
6978
15183
9664
14156
13152
3480
848
1114
14313
9542
6853
6841
1827
6025
15322
5755
7024
13066
13455
3748
7668
6188
9228
4659
13436
939
1235
12748
12437
15440
9766
6866
13468
10739
1684
11388
8796
11356
7139
14636
14594
1385
5051
12391
10727
5740
276
12822
11891
8136
3980
11120
12331
3831
866
2599
5602
446
2055
860
4756
14015
7009
13464
7653
12252
8393
5625
13859
10215
5573
3961
7523
7317
4335
1255
11688
14867
15275
8167
13006
10623
12951
8954
14649
3568
3235
6846
6379
3439
4930
672
3775
11086
12952
9243
6002
12519
5506
15471
8152
11944
4985
3491
12137
9805
5770
10354
8908
9141
3241
6513
12388
12315
13416
7982
4279
152
12214
12711
6568
1875
15091
3682
3955
5879
5807
7556
14471
13481
11575
11240
7261
11573
5362
4719
1016
1005
10981
1805
10114
8994
12640
9041
1116
1952
3822
7255
10158
3301
13141
2154
4538
9831
2749
2871
14731
6447
7117
8941
5231
2515
10292
3576
7951
2791
5949
14536
5840
8522
13999
992
1258
7422
8244
11754
6965
3014
8121
11064
15085
7023
1744
7088
8956
9906
11071
4306
4057
7350
9226
7251
228
10810
15004
9913
8715
11033
8451
13785
13743
6146
4126
290
14406
15031
7788
9106
12084
15384
2643
15355
4907
4247
1326
9804
8089
11580
11943
2718
5860
1784
14227
8523
9229
15073
1749
11156
14711
3607
1033
4390
8655
14877
8734
674
12836
3196
3176
8153
6666
8720
14434
11759
13704
14049
3901
5570
8993
2968
14488
5728
11010
3029
14914
9595
6877
11780
14800
8653
5116
15330
7030
5826
11544
5813
6925
1927
8917
2048
6684
11111
12791
12970
231
7549
11453
12857
2178
2117
9431
2998
1705
1161
1622
8251
12558
5979
2576
1205
7060
3908
4488
1130
841
13179
10302
14777
1986
7926
6325
1504
8447
11137
14217
5166
12338
9155
4110
13418
8403
462
6950
5767
14626
2197
11875
7572
12319
14891
8783
2229
1498
11208
14972
10298
1101
2555
14779
10831
1321
499
746
5818
3217
10738
154
2126
11737
8757
9623
8054
2814
13735
2315
7181
3436
2795
10081
3613
508
14104
9889
3015
15074
15342
4908
2707
11870
1256
7155
3056
8364
4443
10363
13905
11172
12923
3165
804
13642
10421
7533
6260
6750
6181
6278
2115
7958
2572
9928
6357
9087
14205
8769
9511
7664
7124
153
11355
2244
896
11118
11378
179
5503
1861
11627
9986
4950
11804
3403
12607
53
416
11927
14590
6423
9002
2374
5653
3985
14458
12046
3262
6781
1681
6893
9099
9769
9757
5771
11246
5472
4963
14565
5933
9116
13166
13889
5940
5710
11418
8266
6183
7780
6625
14398
1417
5129
8068
11753
919
3074
5628
2780
12083
14216
3665
10265
6338
1697
1801
11634
5587
11362
5359
13045
11478
10401
388
12835
6103
1533
9671
15318
13229
9139
613
5504
11113
4503
7483
13252
3793
13795
614
4772
13618
6631
1654
12728
12154
1276
14072
3609
9272
8201
8458
4295
11060
3525
9554
9234
4755
1865
6891
7688
15003
15385
7361
9296
9373
14422
4703
11581
6722
15619
6624
9424
5298
14002
3529
1325
10892
2377
15255
12400
7636
5790
3131
15267
7800
13289
5242
10244
9775
3506
11034
6369
8154
7782
4170
12646
6029
2724
7302
5206
1223
5287
10428
2477
2902
9748
1159
6028
15080
11649
14756
10805
11269
4514
9345
3738
6139
4794
3760
9092
3307
2860
12550
6890
10402
8103
14553
14984
15531
3923
10183
15328
5115
1122
14402
10165
13000
5402
8333
1086
6754
10152
3396
917
8220
9539
6748
2446
5547
15449
15294
7796
6683
4326
7881
11669
9302
2184
4333
1022
10824
14440
3517
14933
9356
6523
6811
2340
60
556
12128
3938
5639
5469
14942
15390
14335
4222
3820
4826
13191
9549
11230
11187
2686
4135
3284
6037
3933
4616
3497
14907
10872
14651
9883
12410
9838
3815
5093
12867
5522
3046
5241
10318
15424
8113
9079
3052
13942
570
4851
725
1179
6470
1923
10876
11602
13601
11346
11232
6413
10043
14704
2298
3642
9097
11180
12715
8
11866
10709
13379
2679
15483
15377
12175
8615
7757
15401
15089
10515
13639
7221
11592
7338
9030
14089
12141
13732
10283
1511
7981
11920
14382
12624
2826
6288
14248
15372
14132
11785
5172
14348
10581
5684
2999
6126
14969
645
12149
3659
4304
5482
15468
15489
15171
6193
1677
785
14652
9862
10475
11856
6869
2560
7891
10600
2951
10044
13888
4437
4708
11295
3024
4541
11371
6931
11995
10086
1939
14880
8155
5160
5474
6182
5891
13598
9109
5099
1727
13435
11410
7410
3274
6694
2365
12215
6667
366
15088
514
14895
4112
2942
7933
5217
8901
12168
2404
10342
5068
3512
4040
6313
12667
12435
14498
10637
11073
8569
5264
6353
8256
13346
8065
470
1582
3499
6009
6843
9827
10214
11583
8790
2093
5661
7128
11514
9473
3333
4925
13027
12889
14164
5657
1441
6333
11330
11853
14856
3002
1629
4246
9004
10119
9571
1692
6656
6296
1678
1151
9909
3004
12424
7772
5772
10355
11402
13274
10966
3834
7412
6166
14087
920
12913
11672
14321
7413
2808
6661
9632
6806
3081
6410
7127
6956
3530
12676
12679
928
4592
4527
10465
7312
252
816
14981
5954
1085
11140
10789
1522
9380
13142
3705
8293
10913
11005
14332
2935
11027
15203
2284
4353
12113
13747
12655
3889
11703
5514
13556
308
4209
4058
3215
11837
11501
10063
5550
5688
10394
10933
4920
976
2289
4958
13287
1249
1010
8289
11568
4642
7388
1819
8301
402
854
7666
3201
757
10814
4868
7463
690
15525
5110
45
1028
7681
3707
7854
12582
15065
454
2156
7513
7305
9013
7820
9481
5502
14527
4283
7965
11922
189
5013
2893
1920
12061
2536
14200
2547
11540
1949
12334
9931
13872
12178
10997
15015
10162
7628
7778
7695
653
15528
8426
7131
11572
4256
4647
3113
2733
11366
11533
12853
3399
1180
7007
4472
2580
10577
10752
7081
10568
10537
9596
1403
12623
11470
8330
9795
9619
10976
10849
11195
9848
12708
6361
10116
12109
1633
4834
9191
7765
693
12557
9313
14438
215
12879
3706
6086
10279
10467
1780
5981
7846
13349
11007
9163
15301
5143
9307
10590
1404
12972
15289
798
14693
3616
4611
4573
2359
2121
1474
3917
1545
2646
13103
8046
2243
14858
14490
205
1264
5308
7121
8831
15025
7125
2929
1347
13682
9668
13042
3817
270
4766
3076
12208
13695
10502
3075
1204
864
7271
9584
2419
3944
4736
3330
10201
14299
1312
7130
5761
7496
7530
4898
2758
9459
1674
3273
5326
10803
12099
3186
174
3827
12004
8926
9432
2346
8572
5046
7020
5644
11949
1346
9413
4114
30
11797
14662
2736
303
1494
2534
12045
12800
1828
13709
2150
2288
6251
13121
5648
14696
13636
15040
1543
11735
10833
1152
10768
13671
10471
10601
7080
8462
10155
6604
14011
14113
14375
7594
5921
7105
12358
14067
13
14480
8938
2798
10168
14742
13691
3544
11588
11761
5708
14296
14818
9925
5652
2471
9073
6665
5815
10582
14264
678
15141
6265
12891
5476
14588
10434
8947
8878
4252
3105
669
8357
11294
6140
4795
6716
11404
14557
5729
15469
4332
3467
12503
3069
5950
8535
4344
8829
10726
13557
13561
6794
9185
7916
5724
12464
12828
14108
9687
2257
11159
11436
5360
9630
3652
6050
2849
10000
14569
10478
4854
5586
13688
2601
3842
14160
6507
13959
3936
7694
3238
9860
11373
199
7191
8249
7351
14009
13951
10796
2293
5307
15412
3776
559
12975
6576
14883
1379
2480
10926
8730
5651
4491
4094
10741
11125
5994
766
9110
14876
1209
14701
9176
6352
10329
2482
9789
3318
6438
3317
3313
10339
11724
6868
11026
130
4118
10665
2137
2053
9689
9555
7184
13993
688
8932
3797
14391
5669
7336
11674
4661
12755
3886
14035
3596
3067
13717
6488
4128
1715
15456
7011
9659
14889
5057
14913
190
11494
5265
14166
14106
10259
7995
9174
691
9498
1656
13311
2596
10111
15239
10779
5078
12610
11617
9955
6618
14189
7753
3311
7161
12868
3123
8576
2846
8192
9794
11273
8602
14598
3418
7613
2339
104
11278
13761
971
1524
11379
2557
1049
11752
6993
14916
3604
248
10826
13508
1724
13948
730
2387
11056
6206
5642
4927
9362
8497
2496
15604
7326
4193
6954
519
8168
9557
9859
10285
10867
4790
577
13466
2470
11638
8558
2502
12710
5228
731
10982
1288
10939
12288
15163
11727
12120
11967
6376
13173
11408
4203
14724
15573
13982
3898
10308
6298
9445
11369
5397
8143
13868
9101
6602
7809
7828
11429
15419
7605
11023
3016
6986
9564
2603
6790
2690
7648
966
14683
15046
10271
15189
8237
1426
13227
8573
11367
12330
7553
2103
1616
225
5067
1639
2972
10641
5234
6640
2498
737
10145
5246
7758
13594
2919
1743
11197
11265
1757
13383
1989
13932
12077
5374
12988
2338
2621
10694
12107
1759
1025
15128
7162
3806
6054
11028
6873
14117
12962
7086
7459
6537
7082
4988
4368
11789
8459
12721
6207
9187
7061
893
1842
4500
9854
9785
10146
14673
10703
14797
8973
12467
13839
5616
10324
11315
3783
10848
13538
15350
8844
15366
12036
9647
11247
14744
3025
4689
5585
3202
2896
2021
10850
7153
8110
12047
9235
13842
15188
7863
1279
4380
3729
330
12686
13833
10809
4741
298
14528
6402
3605
7543
347
3695
14238
11276
5975
6898
364
8258
10991
12888
6483
9635
14884
11733
8193
4463
15161
3122
9260
830
745
6459
4373
8074
5157
9007
1243
1739
3097
6560
10758
6921
7522
2069
3154
13419
11392
10909
7185
8441
1750
13992
10988
5989
10885
6187
3595
8811
7492
12556
931
4421
6147
13047
12415
1726
9178
13576
6561
4286
9502
15076
9641
1917
12226
14980
2060
1275
2418
1210
10229
14496
8307
5963
6617
8650
4897
14048
15200
8621
7140
10123
5530
1948
11769
8465
4709
5939
2741
8594
5430
6525
14457
3295
861
10437
3239
15388
1943
11523
13651
4431
4090
11855
7103
5161
7041
14836
12811
2674
5220
440
5394
15508
6151
5344
6141
4697
3668
6311
6673
8173
14405
3100
10907
13490
7134
6158
13269
9709
11836
10348
6030
1734
771
1229
1538
2612
5623
11983
14611
9010
1143
2233
14637
10120
10072
12105
6936
2911
3475
13417
8044
14959
253
11427
13050
3646
11999
11600
4518
8499
6588
9812
1606
6363
3856
13849
9540
7582
6005
13316
109
10332
13892
5843
9420
1560
10567
13841
6695
4654
13617
8018
1710
988
9292
7054
8998
3416
14435
4546
15260
5388
12304
12362
1147
9276
11227
11139
11598
7986
14199
8948
4994
2732
3083
10506
6647
10672
5393
7046
3794
9760
5911
11089
9772
11657
13163
14658
6715
5545
12295
2542
2353
15138
4590
4490
8481
1169
10356
8661
14633
8448
13219
13516
13303
1928
1867
10095
5548
5934
3580
13198
2107
10322
6816
3600
13885
4624
13480
3258
3981
7297
3191
13458
8735
6461
15599
5151
7998
15596
4691
7109
13963
9236
7170
2609
13716
13811
15247
10691
5180
13679
15405
4951
11773
14512
10923
10219
1527
3562
5842
2341
9148
724
3704
9679
14103
14459
15494
1624
7830
14750
3904
2301
11708
10866
12716
11176
5030
3859
12430
1059
8752
9255
5266
8916
6374
15002
10305
8599
2456
9015
1377
6552
2335
14900
14136
5583
5986
2073
13637
14940
4874
14586
4184
4418
8272
9546
3677
12111
5692
1482
3236
13373
12081
5325
1946
8936
3881
9971
11163
602
5053
2878
1058
4269
10429
157
2108
8682
9918
12054
5141
2748
10511
845
6795
5560
206
2588
12504
14545
5229
6218
71
11977
11006
12946
15324
15578
4022
5606
5139
752
5745
9723
13364
2023
14282
3310
1492
2463
2072
754
1596
10408
11152
12433
2765
11037
7665
148
8972
4299
11048
3587
8010
9325
7722
12548
13686
12750
5007
4575
10430
15248
11924
13099
10347
2851
15187
7724
12203
8742
9649
10269
4470
5015
1222
14915
11443
8390
9466
3869
11843
13248
10514
5526
9122
1907
10089
9607
7798
7849
13003
14127
5620
7466
897
12461
4428
7260
9837
14465
8702
6065
7389
15504
4668
6337
13112
3935
3520
8813
5871
13381
7821
2554
15477
4227
765
12291
8058
12999
951
4449
2424
9484
11571
12788
2773
15180
2004
1501
5890
1262
3428
14710
8970
10972
677
3367
4376
924
2050
7691
4154
12724
10613
10151
2358
14497
6084
11622
14631
10319
9268
2877
12648
3907
14234
6118
852
7226
15539
118
12573
11426
3994
7515
11423
13674
6077
2212
3957
11654
5370
7675
10773
14006
7585
9088
14653
6252
3464
5565
4070
5752
13175
8339
3641
11725
6505
7001
817
5804
2858
6939
8871
13041
10628
10074
12142
6896
10262
11098
6219
11526
12704
12448
648
5338
11835
13136
11908
13062
1468
14182
11832
3360
5280
6334
4409
15367
6536
8014
6364
7775
3752
7794
4006
1698
7670
1136
5158
10627
564
9733
6863
1789
2988
4801
1509
7327
2488
2343
6249
3469
11200
10059
3988
9716
7537
3721
4585
15338
8711
8529
11582
14283
9598
4096
62
9933
8478
5440
5183
8693
1756
6982
67
7063
15243
13498
8577
6060
14143
1672
4520
14196
3368
847
6283
12372
13719
13968
12603
13091
409
11917
1956
13057
4315
362
4706
3455
4845
1811
12963
14134
14128
9291
3411
14126
11844
7377
11691
7177
3047
8688
6912
3758
15487
7793
1343
9415
1285
11076
15149
7715
2185
1485
7906
2222
561
3606
10925
2224
1798
3997
4699
12759
7193
4334
11942
5864
4888
15150
2097
4536
10049
8112
6463
13989
4458
14187
14898
11993
7493
5414
14379
5416
10685
11819
4979
2713
7561
869
8162
1971
7524
3786
418
735
7870
8727
3773
1176
8865
3550
351
11896
8183
13108
4268
2262
5869
4752
4754
8070
10351
975
12880
15501
12076
8633
5106
13035
15266
8135
3698
3920
2590
11550
2715
14964
10533
14120
2256
315
12490
9888
11238
8366
12745
4613
7608
7840
6133
13279
3781
13474
203
15457
10091
4655
6594
13402
7242
13792
4108
4710
13694
11205
9658
13748
5376
4068
8726
12329
3720
11833
1838
10405
9732
13102
8461
4602
4784
11093
11830
4522
6999
12718
8756
12681
432
1586
13720
11807
9871
831
7624
1348
414
1862
9033
9490
4062
8710
6509
2510
6487
9652
15527
5197
5297
4653
10443
1843
13657
2944
7210
13783
4280
2290
12783
1772
4505
7531
3375
868
485
14384
5347
11912
10222
13987
2033
772
2782
13129
965
1982
15009
3213
10915
7930
4679
8840
13262
2342
14584
8039
14508
14987
14510
8492
9397
7331
6387
8533
12785
9746
8182
9402
14327
11909
8950
6858
6764
11563
4160
10917
12747
1669
13884
7700
15615
3252
6804
5588
4309
9105
6657
15140
2183
3090
9590
1570
11940
7642
9548
4196
6979
14684
3722
10103
8659
904
1149
9136
5318
1908
6294
8552
8826
14911
964
352
11647
8186
13019
7838
9443
1499
12337
8134
8729
2007
4884
474
13725
13125
12318
9263
9900
12481
9720
5221
15056
7618
15434
15571
8670
7603
6039
14258
9343
1700
9114
2294
14342
8927
6940
4633
7540
6680
3303
13930
3477
9556
1577
291
14815
3080
10905
9491
3413
14475
5103
9683
7347
4929
10837
6445
2760
14908
14220
4576
7948
11017
1177
9223
7430
566
11144
4937
3148
9251
1189
11537
8590
1651
11847
8246
8999
10062
2255
11155
862
4839
8700
12182
10277
11225
14262
11283
12512
7578
13424
1906
14993
3156
1447
6629
6856
13143
15361
548
6933
2500
1077
5018
2376
1111
7085
14893
12309
13539
8345
13766
11316
6791
2123
13133
6444
3845
11827
3187
7641
3699
7497
1107
4727
6564
4959
3400
7612
2057
5839
15536
7391
9270
14874
5340
4239
2236
5803
9722
10212
2897
6788
7963
12038
9707
14383
8809
14312
9587
3832
1461
9348
1954
1277
12567
12308
8779
5996
15211
5054
3874
1384
5786
8359
7777
12078
5202
7747
7980
14847
9638
2516
8530
5041
13765
1234
991
5239
8685
7268
1462
13515
3579
10048
5824
12080
1233
4374
6937
8277
9264
6641
6539
9084
15562
6491
1078
1871
5937
5076
10774
12678
4074
15259
11119
8649
10861
506
4191
492
7243
11067
11015
7584
3710
2278
295
471
2165
6046
9454
14019
8821
4905
10857
733
10022
1894
15544
6652
5230
11613
8592
380
8351
7601
3369
2322
4669
13390
11047
6405
5662
3297
612
5302
14599
7847
10546
9875
4822
12017
4477
6810
6771
10686
9639
14088
7400
13328
13523
6377
9329
4774
4926
9696
1435
4762
12987
726
400
938
4943
12487
6738
12914
9817
4001
5200
2648
7112
710
213
10614
6805
11084
11279
14443
15256
12670
5087
15291
9877
12908
5421
9493
7002
445
1182
13610
2564
4214
14570
11978
8977
15319
2703
1184
4155
7761
2943
5069
943
5467
5582
4559
3392
6522
3157
13851
12774
9813
819
14453
795
9678
6708
11106
2597
4662
9529
10313
14501
620
1845
1239
4535
10181
10723
1732
7416
15420
7454
7627
12564
9412
8731
3364
1487
10794
8666
7358
14525
11766
5965
5593
5901
5436
329
13362
9416
9363
4228
4637
807
9690
13221
13712
13789
13365
13619
7349
14034
9500
2370
5314
343
3627
3463
5607
12705
827
12649
1790
13130
13140
1962
7661
10608
4124
9419
4737
9475
3476
5185
9212
5951
13984
5348
12551
4984
6290
15215
2441
14622
4213
6635
7754
979
10780
1763
7075
11059
10249
4308
10593
10009
9820
2400
7363
8385
2459
390
3245
4317
8203
9836
9559
6068
5572
15232
4341
33
4319
3485
2061
12117
11593
3557
6606
4153
15556
2369
6659
9006
1287
10661
15029
6227
11491
75
11216
5915
11193
1220
6301
8062
926
8770
9214
2311
6098
375
2575
5245
7461
15
1490
14753
12586
13170
2991
10851
15100
11561
10783
1623
15296
10953
8107
4534
5270
4365
4824
7346
5198
10379
6061
9168
14641
7686
14967
10760
310
509
9279
1721
14407
4692
9434
11252
10054
1539
10797
12521
7587
9342
10474
4130
13336
9565
11127
8683
9043
4267
6589
11736
448
1240
8853
7119
10377
3254
2616
912
259
932
8387
10156
4678
4913
8079
2517
8177
7662
4137
7227
10778
8410
4893
8083
15608
15625
1291
3345
8557
13660
14377
1869
2259
11969
87
5938
13978
14875
15136
14863
7298
4595
14110
14708
6032
7707
13030
12134
13065
13186
2104
9001
5554
2879
5589
8754
3653
8473
12910
3009
5967
7815
12165
4767
10578
466
15124
13614
5385
2426
1322
1248
10018
14938
12060
2800
2038
12733
557
8549
625
2364
1270
8668
2397
5050
6698
589
10270
7235
5918
4275
2051
14370
2271
10197
13983
531
10818
10695
15093
13313
5576
2962
15406
553
3503
11345
9150
15497
3240
7896
2934
10508
1903
5105
8094
10963
8719
2834
8332
1699
7997
3548
6082
9353
10762
9677
2521
15281
768
829
13281
1876
14852
8877
7142
4149
9518
8608
15221
7252
8849
11547
8579
8116
1129
14198
2910
15212
11148
8765
5371
410
11401
4846
2056
6398
3183
14268
5074
13998
1251
13899
15044
15538
9121
88
6693
12277
9942
8334
739
14808
11387
3250
1274
8133
187
3588
14799
13790
9190
10376
4878
7685
504
11511
4619
13304
12820
6753
7266
2613
11712
8886
6043
11748
15621
10636
7443
2961
14180
3709
13280
2894
318
753
13392
13071
6154
14927
8582
9145
14834
2449
10053
12239
946
1284
3857
13784
11935
2905
4580
4231
10970
12855
13168
9938
8578
12473
6078
170
13588
13456
3622
8945
4561
7877
12204
3825
12660
10418
13284
8127
545
277
12108
8088
13294
855
5830
2744
204
4111
4501
554
12674
13471
3564
9476
10530
11319
12851
4043
14280
13412
13830
13275
7521
11087
791
1860
10463
12254
7438
15465
3006
12922
1508
10459
10621
12021
14544
11957
580
9057
4497
5972
13583
2134
8402
5257
13322
13770
7663
14939
14363
5631
10928
3789
14657
79
8349
5775
3690
12418
686
15245
1427
11524
12596
13072
9282
2531
2202
2980
12422
8439
9157
5747
5750
14083
14246
12485
10307
5959
1737
2665
9464
3854
5130
13530
5244
8861
10016
9773
5212
1883
9430
3288
7101
9788
8915
4445
15098
14420
1430
6109
3681
9330
2817
9673
3510
4875
8365
7468
8443
11921
1052
6596
6152
8695
4629
4013
9945
11474
3875
14734
2174
1310
7136
8296
6443
5479
14421
11543
6541
8148
424
12104
2049
4578
12152
3864
11910
5311
11659
6802
2169
3026
5722
11862
1816
3837
43
3287
3960
14831
1292
10946
9020
10035
624
13420
3836
12876
10130
1574
7736
249
5209
3979
14289
673
1460
1670
14988
11307
8553
384
8024
11287
878
881
9610
12993
8245
8051
10712
7315
1352
8678
14286
10776
8870
4494
15028
10799
5
4
13646
14502
12303
4452
6808
8489
4533
13518
10487
14334
1021
8888
1142
8276
832
14960
4922
1484
6108
5880
8314
245
14081
9016
11188
14151
11228
9053
12072
4254
12353
8961
10802
6822
6834
1332
1050
8238
10950
403
14027
13075
5597
5778
9060
12039
15505
7106
6859
419
2188
8041
12701
7903
1206
13473
10309
11299
429
2475
12866
4036
11929
13008
14985
1794
10227
12138
9499
5650
5796
12658
1261
2323
7718
13355
11337
12486
4447
5450
10669
3226
2976
6272
2198
10442
4180
5062
11895
12948
13018
3099
2160
2595
5118
12406
8123
13058
13357
7922
4230
15197
3675
12758
9910
15441
4931
1127
935
11428
319
14661
10602
6930
10575
11630
11591
15327
10346
5409
7548
11700
12612
7538
5026
7345
2861
10441
9706
11774
9361
2578
14020
7
13162
442
13808
2885
6876
9996
14882
501
10974
14747
2901
5186
8960
3423
13169
3153
3805
7955
6226
510
3474
12037
1572
12160
9725
7714
9851
8098
8178
5621
2213
10630
5435
788
8233
8748
5404
15235
1387
3574
851
4623
5782
4919
3756
12336
1300
6759
1542
11108
11783
2883
12934
15548
14728
7478
5758
9526
3316
14775
14036
8384
6315
12840
1423
7692
13407
9315
4249
15230
8689
10327
974
5649
12363
12267
6155
11489
2761
9949
4515
14881
7992
13487
15158
6591
4941
12619
7748
8281
14943
9378
9318
716
9577
1002
1396
8097
2286
7494
7729
11507
9731
8144
1703
10482
6090
3909
11734
6003
73
15177
7207
14678
12958
2635
15210
5626
9717
2196
1070
7163
5316
6919
12151
10633
4969
3582
7890
13370
4560
10452
10551
13353
6710
8856
2987
12228
14367
5509
1393
8352
4157
9719
4829
1031
15190
10869
2966
3892
13007
13700
7907
15305
14124
856
11352
1833
12155
11860
11259
7988
15590
10280
14937
2360
5931
9699
1972
5794
9845
7029
4296
14781
1969
11143
8536
5377
1984
14506
10606
13115
11035
6934
3538
2719
15530
13537
15540
6889
5373
478
7194
9937
12121
5090
11179
1711
12860
7272
246
1855
7217
498
15078
4003
15157
14085
512
654
10304
11955
14194
6327
8312
10975
6454
10427
4717
6597
11421
8588
8614
9188
7179
2726
11950
7979
9233
12145
15214
9428
7886
8806
13990
83
1289
11551
13426
12627
8810
12001
14429
12240
10529
2558
10731
8911
5982
5274
8157
13302
10366
12974
5756
6069
3984
13038
11768
10626
1196
4778
4430
7876
7744
8674
12600
10384
2642
2027
3896
5457
11153
12401
1808
9514
3697
6714
10436
761
10276
5300
7546
1438
12139
404
11099
10200
5478
12961
7141
11776
12784
2495
5426
323
15371
14062
11884
6651
6998
9737
11791
6945
10383
312
13955
11237
6848
2739
3586
5085
14130
7065
8767
6743
3028
15224
5191
4363
9035
7676
4789
6177
13009
10523
9615
9873
413
8747
5353
10159
1980
14394
3493
9959
3343
14743
4115
4639
1766
13779
8664
12887
13028
14350
15313
7905
3660
14403
8656
12615
5304
2837
13172
13929
6426
2927
12863
8737
12493
6746
8692
12325
11713
13956
2181
1283
2658
12484
1252
8611
4345
6381
6368
1449
10519
7473
6758
3998
3103
14392
15115
10624
10226
12907
10549
12756
6310
15182
2634
11692
12944
14254
9911
4024
1341
6469
7856
4614
1044
7959
5835
5037
11348
1006
7915
322
2682
14185
14273
13024
6581
9825
3221
2330
301
2241
3852
3117
14919
11731
14530
3739
11894
2272
14606
6307
5703
11241
15488
6538
7509
4487
12237
8722
100
11513
14192
532
11350
8818
13202
3384
13403
13727
14692
5417
8622
15554
14944
734
2641
2585
11720
13793
8254
482
149
13482
13520
12702
8204
9815
13386
961
4677
15170
12885
11604
8667
1568
11222
6595
703
4243
10617
4993
3771
13769
9275
9394
6857
14052
8456
2447
1199
3926
2546
1376
8129
9165
6268
9316
11158
10126
6941
4125
9753
9085
14699
5081
9195
320
13579
4424
9395
8181
5133
13255
8163
12088
13448
11888
3193
13496
9326
8725
2128
2627
11928
10096
13764
12007
7206
12357
6404
5444
12636
10899
2752
12771
5008
1329
14005
543
10268
2087
945
7866
6148
2318
6466
13312
658
4476
4606
5858
7151
6855
6091
6970
9472
3407
256
4641
3669
14739
3744
10337
729
4466
2702
542
715
7564
3433
6058
12103
11145
5458
184
8066
15129
9762
1555
1993
7969
1575
13893
3051
13741
12000
6261
3860
11413
14719
11361
7550
8515
8250
8269
8472
7721
9381
29
10808
560
15560
4838
12044
1701
14539
5531
14228
3231
12169
1394
11061
12471
2205
7500
13155
15572
3149
9703
2640
3321
10317
3251
5184
9173
1612
12620
4695
12342
13602
14577
4873
969
3373
707
3700
5777
6034
5647
3372
12122
13453
1535
3337
4346
12176
2199
4426
2242
12238
15337
972
12202
13366
8199
15349
5596
3500
797
3471
12173
3405
1339
681
4194
15380
7322
200
2015
2487
12893
13809
5179
10381
13665
2611
7144
8838
15618
14518
7525
2622
13429
5705
9537
2926
10889
14451
12802
7040
747
1094
13667
14317
8887
1966
9686
6607
10195
8050
12321
13733
7368
7314
1615
9574
15416
14910
14026
14191
3696
10934
10349
11864
13483
4883
14378
14567
3964
6289
3437
7164
235
12986
12136
11595
2844
3543
7420
13499
9143
12871
12841
15518
10080
11618
7293
12765
14770
14835
14613
2967
9891
12826
11904
10935
13788
8409
7415
8321
540
13606
11045
9036
15112
7889
15315
7802
3895
7265
2009
13197
2745
14229
617
9622
9570
8324
219
13767
7442
14556
4134
2450
9098
10082
9182
825
13577
10220
4318
5848
6819
2853
4607
5153
14656
4601
9328
9123
13723
5851
1413
15386
5569
635
15276
6362
1192
7402
7231
7940
3276
6230
14562
12025
2273
7597
5943
12248
11191
11679
2392
6691
9701
11070
1765
14624
10131
65
12698
1406
9612
2706
539
105
13775
10836
5275
12964
12247
5819
7300
6660
4029
10051
1904
10176
11838
9482
3585
14202
2094
9480
8449
8920
13821
4348
12570
10718
9410
11036
6053
8652
7220
370
5774
2352
15325
13910
14090
8019
3941
14560
14135
12712
995
6396
3402
1099
3952
4206
11726
5355
6150
10028
12356
5096
8290
1389
9198
11992
5113
2264
12796
7751
13095
15493
1631
3965
4198
9744
1007
14316
11381
11218
3173
13054
11822
11314
5213
11151
6000
4495
4484
3870
555
5769
4652
8075
11469
10619
8798
4233
15354
7167
4945
5513
7021
12468
11157
2139
12882
15458
10697
11680
3925
11103
13751
7319
5825
10061
4558
11397
10987
13555
7568
11289
9853
740
3522
2435
13881
6587
1173
7743
217
524
5591
5095
3039
6768
15316
241
452
10411
3873
1593
13797
8063
8974
863
2101
7318
14791
10629
11242
12749
11141
11285
11558
7734
7484
550
13724
11926
2253
4787
6963
15154
634
13592
324
7380
2833
7994
3353
10989
15339
7637
6411
10046
314
8071
1752
8707
3711
2631
21
12093
9317
13866
2757
10266
2692
3987
1395
12807
6575
1075
9009
4042
13132
1166
7113
9759
14065
5584
12232
867
1945
13461
2403
2784
4953
15476
879
284
1696
14903
11988
6903
12377
8542
14050
4414
3617
15047
2457
10528
3593
8847
9310
6431
3277
3370
9552
7579
3972
5261
1818
1791
10653
13643
14452
13467
14271
982
7832
10705
9022
7844
13384
2876
5137
10932
1753
4041
5363
5893
5948
9730
68
14353
2781
6045
8308
6473
1657
2995
3991
5971
2083
1506
11068
12903
14292
5902
12980
1605
503
5516
7865
15082
5189
3063
2513
10886
13890
7404
4351
4107
12302
5055
10466
8002
8643
3336
2539
12621
4582
11882
1298
13405
2355
10310
12200
5047
2090
12257
1290
12945
13796
13043
8909
1428
11160
3774
12443
6997
633
9929
662
6636
7475
6159
4995
5690
6136
10432
5098
6551
11829
1331
2699
9563
1729
13630
11517
365
6302
13946
2759
7182
10230
823
12584
2386
9736
9663
5942
3073
10380
10378
6196
5107
254
3602
13879
13656
13831
3501
2078
11863
5448
3448
5533
1132
10161
8284
13680
7929
9531
1849
11498
124
12776
7107
15585
10702
7884
14450
10706
1133
5403
3804
3523
7047
12455
13926
631
11454
13615
12405
12585
8372
3380
9158
12332
11063
13864
417
11899
4237
10488
6328
10961
1489
3833
198
643
2019
15364
1391
1976
767
5867
11198
1477
4694
5150
14550
2809
14267
3101
4513
12441
487
3256
5333
13460
15123
6638
9672
6932
10141
4528
13060
2102
369
2792
1868
8477
36
793
3087
3728
10431
12575
14213
4486
13547
3144
11221
3106
9366
10664
9254
9189
8732
2890
13214
13165
8989
11699
2561
12739
6886
7869
5508
9798
8438
4389
15192
7604
11301
1553
10769
2654
15103
6250
10397
350
8299
1787
11611
12842
9980
12547
8812
1108
7330
2594
8676
2132
56
1857
1069
11327
159
10372
1950
1795
3526
1079
13941
13475
13840
13226
14118
1636
2755
738
13185
15288
11384
3656
151
14077
3802
10676
1411
8509
9894
14766
6909
3130
7511
6200
7129
5175
4799
7852
3975
3185
14474
8706
1630
4377
14983
6899
14769
11531
2000
11812
4579
2619
6583
2907
6295
14444
6838
5401
14952
7669
3246
14432
11801
15558
1082
9763
7042
10231
11696
5278
14031
11901
4760
11062
12306
1345
7791
2176
3379
14030
12220
9172
2559
4439
14928
8227
10609
8404
8540
12162
10693
7610
11149
1421
3237
2434
5094
701
15351
13084
7552
12235
8988
8787
3094
13510
6389
9821
6663
11503
15467
8745
1150
6382
3685
5002
3410
9999
14810
8944
12995
2584
6910
12015
1367
3787
9694
7517
2149
408
6356
13354
2167
15249
10092
2843
10862
9159
2453
9458
4208
14833
4492
15204
1891
6678
6168
11492
12219
14308
5919
2618
1685
8845
12810
2589
54
8468
14745
4973
10023
13925
1018
14768
7728
6303
11244
6862
8837
9400
8491
11231
4079
2669
368
2218
2380
6792
14201
749
7457
5091
10740
10076
13937
9504
7223
4455
11707
7541
5169
6926
1600
5481
13203
8320
11806
1250
10821
10447
6988
188
4864
12268
4643
8510
1693
12407
6038
3282
8962
8516
13529
6495
7133
13757
6490
14147
12818
461
592
4865
15609
2454
7710
13845
4313
6757
4735
10652
13085
4261
3686
9065
9297
7259
5713
13145
3534
14635
3017
11757
13268
178
11286
11383
1717
2868
12931
4499
10650
1294
7789
1035
5798
10367
3977
2570
7263
495
4991
11481
7202
10274
1368
304
11695
3315
14842
4681
3325
9203
12917
14068
3260
1436
7864
901
6621
2738
7034
4924
2839
7935
12773
14639
4835
14145
9478
15024
6566
5173
1564
12668
6668
10424
363
12909
9130
5364
9792
14760
7914
443
1536
15194
5089
15333
5418
5176
9398
2313
13176
3377
9171
6360
10910
201
11913
6699
4833
13524
12241
5405
11049
9222
8231
13477
3741
15295
11154
5322
6434
7093
13246
7918
2645
3132
15146
11483
14593
5350
10580
8625
14790
3930
4939
3782
5605
435
2978
14150
11
7879
8931
15617
9077
8833
12217
3483
2034
11497
3038
12440
10491
8270
12717
2918
1088
11039
11292
13673
6306
11129
14749
14888
12956
1190
13067
12399
9164
6741
8243
12278
5914
11066
4364
9093
3326
7033
7083
1713
13158
5801
1565
6649
5225
5754
4545
15445
12246
10284
10330
15107
11432
8793
13952
8195
6450
12638
876
9745
5205
9754
15592
9602
13277
13957
9031
8328
7871
4167
7799
13979
12699
11549
1638
14123
12351
4867
14125
5847
2445
6878
6725
10013
2234
6721
8232
7635
333
15320
8641
3147
1598
80
10273
5366
14879
10058
822
2086
1601
9280
9055
8755
1241
3110
7616
12382
4375
2605
810
11673
3978
6550
12562
1645
2100
15606
7658
1072
4667
13750
3289
2478
1374
11069
4234
3374
1415
7169
9586
6577
14974
14819
7607
3296
12429
1720
7755
960
10433
5913
357
3355
2423
6074
82
6401
13641
1518
4672
14838
1452
9324
3821
13714
6094
5390
2548
629
7198
63
6135
600
15125
1817
3003
4944
5910
13410
3290
11786
808
12780
14415
8978
2892
15113
4103
9124
15144
10811
5735
874
15218
6959
2989
7488
4084
9783
458
14700
28
1003
14505
2964
14364
6264
14513
10565
5833
6669
5351
15153
4064
9868
3030
1814
7588
15156
8348
4152
10557
5411
4581
3460
3812
59
3762
10730
15052
4583
9864
15389
9803
11173
4159
7638
5501
7783
13861
12850
11971
11183
11164
5991
8788
4831
12258
12069
15216
13181
5799
2326
1895
9220
6273
15486
4688
10983
2116
14687
5868
10468
4356
15166
12133
10998
9983
12057
6547
10591
13604
2623
6829
1259
12378
15155
14679
1719
10320
2302
3443
132
9739
327
5060
7419
12883
1627
13488
2232
5301
11510
2821
13522
13653
14958