1784
14
1416
543
850
1452
341
1092
138
1525
1892
82
1140
303
1139
711
1770
889
1001
1302
482
1502
872
101
81
174
1867
1865
1740
103
1368
416
1296
935
41
1760
1751
1951
1936
65
1717
1033
72
1684
517
1209
485
385
1347
1910
831
1415
1183
267
1532
661
80
1272
104
417
1670
574
658
1399
1068
1878
1443
1191
1694
1648
375
749
1377
1819
1074
172
965
1122
362
1007
436
166
1145
1370
796
1913
1901
533
601
1828
1292
1864
981
1342
618
1710
396
1155
1236
275
653
473
1214
548
757
245
1544
231
770
854
45
805
933
1674
1830
909
906
128
1335
1592
1764
1341
1709
598
509
1782
1925
1478
1552
1441
577
875
1060
1918
105
1952
1464
1705
918
290
1260
123
483
567
476
675
357
424
1741
1322
153
595
566
565
1445
1481
1298
1714
1116
129
1150
229
804
210
668
453
350
1324
237
974
491
307
1042
1304
715
221
88
1003
830
1701
1861
1252
1768
1785
1522
1251
1564
1467
1690
930
1652
1400
934
1943
54
1447
644
810
1739
438
818
1176
643
1689
977
1321
1682
1658
1230
1527
131
1870
1091
1273
575
1072
320
1793
428
554
874
568
371
467
1299
1829
432
678
627
1556
1149
1462
1080
1560
1554
135
1265
1753
1650
827
68
576
1211
1651
1498
1158
1136
1789
214
1772
433
1922
321
1124
1765
283
1873
1413
884
1232
1536
1634
1222
1896
1058
1287
1227
1854
1156
832
1225
597
1584
1599
1313
1049
728
1375
77
1627
1453
625
1940
1875
367
892
374
911
1748
1174
1783
1215
1450
1862
743
1217
982
1589
203
1212
348
900
755
1915
514
192
1288
1846
1401
1024
869
949
1015
1439
1364
1608
87
842
734
1930
787
1779
1101
2
238
119
647
1331
61
879
486
524
645
1776
493
526
1805
1017
1381
532
304
932
964
592
589
1360
1100
434
910
1766
857
471
311
452
541
1088
1594
55
1167
1378
164
557
1178
756
1842
1759
717
1465
1303
1898
25
1408
1681
1517
1019
1790
1543
1614
1137
404
1523
57
980
1085
339
1348
1213
819
951
1170
614
498
1451
1736
848
1796
382
30
409
1154
1645
1488
319
1833
35
1607
1064
1234
1109
1708
883
1798
1325
334
115
1387
1647
863
390
1261
945
959
559
1171
127
1281
1098
563
1507
1018
1297
1384
240
984
437
1820
773
53
1934
7
943
885
820
1096
1814
816
113
676
801
1242
1271
1886
201
912
628
562
1223
893
1923
1204
165
1180
1615
419
458
584
663
1775
1703
1266
451
1909
1733
212
712
1928
278
620
1397
5
1927
132
1066
42
344
765
1041
477
1123
1419
673
1307
1880
1164
20
1914
1788
721
1569
352
1231
71
1695
1004
1806
460
788
366
1075
228
518
1076
1540
1781
1593
1337
372
1728
963
1113
466
521
450
1036
1489
1693
1044
1134
1746
1198
347
538
358
662
1749
1454
282
1073
604
523
279
413
470
422
1843
1773
1549
1422
322
1436
62
411
1048
1105
496
730
1153
478
1582
790
996
465
772
1490
1466
381
1845
1716
561
571
724
1639
1926
261
294
986
1202
1911
809
635
66
169
100
1477
1801
1284
729
1616
1032
736
1859
991
1005
1921
215
795
687
1929
988
826
1732
1369
1931
1144
144
247
923
36
29
1117
244
1950
1059
611
1320
799
1043
1663
1435
270
1704
1625
640
1565
1667
744
1539
317
859
513
1444
93
190
1632
343
373
1562
537
746
134
1528
1163
931
1853
860
143
617
1570
168
439
630
1112
948
108
599
822
1847
1550
1916
723
1668
136
188
325
1568
147
1763
326
1792
1361
823
1420
1247
170
1250
1188
176
833
781
985
1907
1546
1027
1438
454
904
641
748
741
888
1726
671
1340
1446
1747
975
679
1504
1841
28
488
443
118
1685
1177
897
91
1686
569
1874
67
1084
1417
651
510
942
1902
1947
197
958
1534
917
1519
570
1114
1649
606
1051
1103
327
983
346
990
1712
1856
110
182
1816
1029
145
1431
1604
1392
1839
950
1081
1687
1293
957
39
1248
1053
1290
1933
849
1181
806
330
351
1429
1754
495
1551
1905
920
1166
1938
406
1206
579
1349
227
1157
856
1132
1090
10
1567
814
1900
177
1595
97
1131
225
1778
446
1457
652
760
1724
167
502
1935
1249
1463
388
1636
1852
271
786
1008
1395
995
32
1573
1473
151
4
691
511
556
685
581
1259
116
919
3
1799
515
780
1612
1669
655
379
152
1010
1025
1635
1529
1516
48
767
1696
802
1795
299
255
1744
380
1620
1267
1243
591
632
1115
1571
33
1120
762
316
1937
1216
555
1460
281
1428
1184
540
539
880
1487
656
298
1660
1173
232
146
731
1045
813
903
474
418
1777
1323
719
871
1808
837
257
345
459
812
1597
1309
1730
843
722
1449
1800
1868
1555
400
1470
1939
542
1700
1810
998
122
1013
867
1383
853
605
1826
1119
908
8
1602
220
463
1508
1903
158
187
1530
1631
1014
549
659
928
1499
274
1082
512
189
1405
1531
1175
698
1721
1106
680
249
1576
1476
85
1054
1757
1469
262
269
594
1809
1946
1185
739
1440
280
1456
1871
759
1483
1503
1380
528
898
1623
1655
1547
901
1671
308
18
1430
552
365
1240
1317
399
1509
1000
1919
312
752
252
1506
1097
1561
13
1707
272
394
735
824
354
1458
1535
1332
295
1382
1203
475
547
1675
531
1168
1755
469
1835
1365
1372
484
1666
954
377
855
669
714
852
361
1580
1514
1169
1403
1624
639
725
1224
1334
1047
1677
1863
1679
1270
461
63
1840
324
922
1637
690
758
769
1031
1386
1160
1218
573
936
1022
705
1815
370
709
682
264
1857
338
1894
1410
75
456
1442
505
1495
107
580
1836
913
1182
684
441
242
768
791
1493
1135
11
1890
181
1373
619
472
360
838
774
349
907
828
1207
1343
15
1357
223
246
1385
615
1888
44
1769
435
944
564
1598
836
1683
590
1390
670
864
259
335
444
1333
284
545
660
208
342
314
120
233
1953
1104
1388
940
1646
1038
972
674
1102
1662
1393
1083
1844
612
1278
851
198
1574
76
596
1179
1305
916
1644
1761
1515
1643
720
999
480
137
1276
1941
1016
408
761
1351
1672
683
527
1906
1513
494
256
1628
1318
69
631
1822
1471
464
792
1409
968
1908
961
1720
1362
751
236
962
405
1165
899
19
593
1093
1484
423
1407
536
1107
1186
83
1108
1575
697
845
797
1881
1286
313
1423
1526
1618
356
1346
902
73
186
258
52
516
1291
479
1797
750
1268
1283
738
427
1363
994
1824
784
839
1200
1344
58
978
846
1541
1406
251
1052
713
1078
139
646
1804
1
51
1210
1089
1197
383
1832
1127
40
1904
425
558
150
1162
1642
969
654
622
803
1883
953
1621
1172
1825
1006
648
1061
1329
106
287
1026
1640
1711
1542
1885
1917
1866
689
305
24
162
302
26
397
1069
111
1803
1948
1578
1817
657
1692
1358
876
1147
1475
96
209
766
504
1512
1591
939
195
1656
952
1895
1126
1774
745
1511
877
1807
157
395
1586
253
634
1791
896
785
378
1661
1118
973
1665
64
1821
1491
956
811
1889
1279
59
1111
649
1285
142
1023
235
508
16
12
241
1201
525
94
226
273
1579
578
1518
1617
1353
1813
1610
1228
331
1229
178
310
633
1577
1566
376
789
782
183
1262
1802
1673
1827
1035
292
410
1289
84
992
582
285
175
318
1376
265
866
95
359
448
1221
431
1834
1121
1012
1086
243
489
520
726
1366
1067
1300
121
955
1697
1235
829
1944
114
764
1128
1735
1130
1563
160
1311
109
497
861
1264
771
862
1199
1241
710
891
692
882
650
929
1244
642
1306
412
333
1633
1274
315
1719
1087
336
124
1396
1020
1869
607
266
185
1192
834
1146
1226
447
844
1194
217
608
553
1009
230
171
987
603
783
102
194
490
530
732
1849
329
1030
1657
1138
1932
204
1345
506
1294
199
49
1727
90
807
1752
1257
616
1587
914
800
1699
688
219
1505
1233
1899
301
163
1148
1356
1110
70
387
148
1336
989
398
793
1354
1698
184
1424
522
1537
672
1722
392
1057
1767
1851
501
1079
847
1034
1238
1062
1762
1715
1472
1308
1258
1659
1891
86
1352
407
234
921
666
927
1572
1316
1426
1600
368
130
886
149
600
218
386
112
1924
1319
1831
825
1756
1553
1794
624
702
429
426
1398
401
924
587
141
1002
337
196
1269
1468
457
462
1461
309
1433
976
487
191
737
1496
1125
1328
445
686
1412
1485
1641
1295
1653
704
1339
1731
89
586
677
1187
1474
1326
707
200
519
1558
216
1520
1367
613
455
1771
621
966
1818
1725
1482
529
1141
159
1254
534
1603
154
1159
414
1780
391
1945
583
492
1021
693
355
1742
870
701
21
1071
1480
1702
1734
696
550
22
1070
1879
1877
1263
449
753
665
1942
421
1811
1282
1492
1559
193
1654
1787
1315
1750
328
1500
629
323
1099
946
1142
1028
779
1391
1524
155
1812
1494
609
695
1205
1037
1312
1414
970
37
161
535
9
1459
1050
835
588
1327
503
610
716
1706
300
126
1521
23
1949
890
1858
1738
1402
277
1538
79
1664
585
602
1486
1143
1245
6
703
125
92
1897
960
1434
626
99
1133
915
1729
156
544
937
1246
1275
1723
1872
1501
263
46
1848
180
173
403
213
56
1219
858
78
925
754
1371
1196
1583
1239
117
293
636
971
389
706
353
1427
1626
1581
815
1622
332
1418
868
1046
1585
1425
895
1611
140
17
1193
420
1359
1596
500
1220
224
1330
206
38
254
1432
1837
340
1190
708
260
1161
1256
1619
1876
840
1545
250
572
1437
47
1691
1389
1737
993
291
1479
841
1680
1195
202
664
364
248
98
1630
1590
74
1745
1893
699
1095
507
894
222
1411
133
1510
1063
1394
179
623
430
1601
1379
740
1151
878
1421
546
50
821
1860
1404
1448
560
1882
1350
369
363
727
1786
881
402
1338
1688
1152
1713
1094
1613
817
289
1606
276
905
1055
1237
1676
1255
440
442
1056
1718
694
1638
776
1823
1277
887
481
1040
1301
1310
468
1588
551
775
1497
268
1855
43
667
1850
1533
205
384
808
926
1887
733
1884
31
239
947
499
1758
700
1920
637
718
286
941
1629
1912
1743
34
938
306
1077
1280
742
1455
393
1039
288
1838
297
967
211
60
1557
1189
296
681
638
747
979
1605
865
777
1253
798
1011
27
1678
794
1314
207
778
873
1355
415
1374
1129
1208
1065
1609
763
1548
997