203
30
84
191
171
172
201
89
200
130
40
208
5
209
176
111
214
195
175
154
103
122
65
115
38
117
178
159
141
198
196
57
17
74
148
26
166
75
170
128
139
34
1
15
129
143
46
220
9
60
72
157
108
62
54
10
50
190
102
138
109
199
133
234
189
67
181
4
186
231
227
158
58
125
121
135
243
235
27
98
6
64
18
68
53
193
233
197
207
218
77
194
23
136
126
22
202
242
48
167
225
69
206
240
78
210
32
11
119
237
47
221
71
82
168
92
59
244
160
37
163
236
12
25
137
44
61
13
31
116
239
81
118
156
52
149
146
41
85
134
228
180
222
42
179
113
39
127
216
21
212
7
165
144
153
173
106
24
83
16
192
223
87
241
123
91
140
104
120
19
211
215
8
182
142
2
217
45
55
90
114
100
51
188
226
63
151
70
238
36
184
161
162
177
35
99
230
185
101
20
56
107
124
112
147
145
95
152
213
3
93
80
86
219
132
28
131
97
169
164
96
76
94
229
224
73
29
174
33
110
232
105
150
66
187
183
204
205
88
155
14
49
79
43