321
797
1721
2736
408
594
92
711
1555
3686
1067
705
2806
1572
1651
91
1097
3017
3691
1878
734
179
1283
2161
2434
2966
598
2332
3628
1666
81
2071
1236
3100
1640
3311
1751
2818
1001
696
1595
3661
3780
1628
3563
195
976
1881
1381
1567
2792
982
1594
1165
841
2848
542
835
459
2159
1913
2871
1531
3501
3831
1478
506
2533
2044
1673
2630
3014
868
3352
1518
3335
1641
2590
2567
2771
227
3525
2248
579
1343
761
3551
3289
2515
2545
1421
1373
2329
1163
1541
3883
2251
2000
611
1942
3391
3041
1635
3826
2500
3155
510
3886
3685
1533
2810
1989
3368
3149
1574
2615
1440
1202
3045
3576
1050
1729
3083
2359
1732
241
357
1128
232
870
2761
2819
201
1914
2672
2266
733
1490
305
1765
1726
2003
395
991
148
3460
2692
2253
3715
629
1143
3869
1763
3264
1758
1818
3485
1244
2815
3514
1400
529
670
3231
432
1626
3531
2040
437
3610
3108
1520
633
3204
978
1602
1596
3062
99
3673
3005
2698
2346
1667
1955
876
278
1993
2277
2019
3240
315
2226
2189
199
3213
1669
806
1856
2718
481
1781
3496
3097
1083
1198
727
3369
3792
1776
3675
665
587
846
1187
1374
2093
1156
152
543
2103
2371
2696
3177
1184
2352
3408
468
290
1899
2863
951
2922
2563
118
950
50
1089
3595
3324
2531
1069
40
3227
947
2534
1829
1488
3416
1063
369
2380
78
3806
3370
2934
1171
2252
1984
2026
1860
1760
628
460
221
3075
493
23
3766
3272
3104
3237
655
3681
3024
3778
909
3267
2804
3159
800
2247
3071
3451
2827
1853
1367
1740
2022
944
3402
2787
601
1151
2196
1456
3067
2060
874
3433
780
3412
3879
2794
43
26
3138
517
149
957
3851
2408
2409
1496
1639
1330
428
2245
2802
1088
538
2824
2570
1426
2985
2798
3716
108
1924
1880
122
3263
929
1371
2745
1712
445
641
2183
1057
1749
3646
3320
1780
130
204
1632
3206
1000
2321
1979
3028
2075
3473
572
184
2095
3738
2618
679
2644
2826
1536
2335
279
1391
472
76
2011
2640
2906
1682
583
674
3156
1699
937
862
1730
1992
336
1889
3817
237
3827
3622
3526
27
792
3532
563
2264
2948
1045
1560
1492
1502
2554
1248
1718
1513
3776
1884
3158
864
2431
1019
1120
2297
52
737
2585
3875
1068
1694
783
526
685
67
1722
2419
3401
3463
2283
2795
3054
1803
3672
3435
3693
3364
1300
2829
1654
3491
1692
143
1131
1863
2941
2886
330
402
3314
3251
1912
3901
393
2269
2293
379
3260
652
387
2757
2307
622
1345
1386
1743
1293
2621
2406
1417
5
3274
2631
1213
1741
1976
1542
3781
3023
3706
3558
816
83
898
1709
2877
2125
2235
1222
3338
1696
2426
3498
1059
1191
892
3420
3151
1678
1869
11
3357
694
2579
954
3541
2740
959
2013
2432
235
3362
3853
1510
539
2495
2659
2388
2053
1477
2317
2992
112
1245
1290
1331
2259
49
1808
1813
3284
2444
447
3060
1785
1844
1590
151
1793
1693
2240
1769
2958
1335
1125
2370
956
2947
1988
1026
1437
3300
2562
354
721
1606
494
2891
1834
1946
3820
3625
1006
1593
1316
1446
1240
2529
2537
2730
398
3824
751
3429
1028
1807
2083
760
2197
3528
1410
3322
2261
2857
1636
827
2812
2351
2668
222
3651
971
3281
3640
3456
3507
1852
756
1292
168
723
1118
338
990
3842
181
3171
2267
2752
2598
777
3868
1923
1750
3786
2082
3175
3543
1966
114
2392
3188
1778
1470
547
2573
2751
3573
2058
1611
3178
2535
3236
2523
244
1364
3282
2238
3567
3001
3161
2152
2140
1389
3575
686
555
922
3896
523
2357
307
1160
3620
3690
2840
3665
3561
1990
2394
2955
3179
3707
2687
1885
1474
850
3684
3056
101
2111
963
458
3003
701
581
3494
1145
514
2326
1428
3479
2582
192
454
1631
2578
3839
2785
795
2300
2348
405
303
1252
2034
1036
1589
2164
2502
1005
335
1271
1969
2045
1147
985
3202
996
2577
1320
3247
3866
1681
2732
2116
2043
3683
1663
3055
571
306
2316
3328
2988
2884
768
3589
1617
1379
2029
1361
2178
39
1282
2858
1358
2241
386
2793
742
1615
1192
2617
1183
1053
3518
2485
3037
1393
1822
1804
1146
3418
1133
1311
3332
720
2519
2614
2724
2888
667
859
1848
3130
1407
1866
1326
3214
3142
3228
2143
158
2225
1250
2995
3630
1789
2149
2971
1046
704
319
1954
1580
3297
2337
2846
2556
2365
188
1494
2650
2467
1363
2999
2194
3090
3599
2479
1706
210
190
3123
1451
3608
607
1354
337
1890
172
921
2968
884
1218
958
1905
2021
712
2942
1296
3654
3452
213
248
257
3688
1537
3841
775
3431
2145
2813
1523
2790
3092
97
2783
2086
2623
1127
161
948
1727
2525
2381
2465
2984
3760
3508
35
2303
784
1896
2571
3465
2305
2965
541
879
87
1448
728
3201
1956
361
3182
799
2490
767
1534
2661
3321
1833
3624
3700
746
3303
1441
2703
2929
2733
1622
1757
496
3283
3310
3708
3063
3312
749
1429
3815
3764
621
3749
1243
1698
927
3093
2132
3234
2464
1797
1734
3733
3585
3215
3002
3571
1851
3757
3403
1504
3540
1972
993
1148
2904
2109
1980
3881
3703
2171
1012
1058
2634
2074
2246
2374
2480
561
1003
1915
429
1276
286
2356
1076
3094
332
3285
1299
2257
1403
1035
2693
2314
203
533
3513
229
2839
331
2131
640
2847
1309
2006
3679
1872
2403
1372
1357
766
2362
3664
3504
3645
2780
2811
741
707
1816
974
3698
3414
2878
2057
596
1888
853
498
2092
3572
2306
2270
1409
893
747
3325
1643
2363
656
382
2375
3015
3521
2538
2263
702
692
1433
3890
1783
3607
1788
329
3396
2837
180
2951
722
3291
2750
19
505
3862
3146
2119
986
1556
1114
2656
2210
3789
961
7
731
3475
832
1041
865
616
1935
540
1558
401
1525
525
1483
3670
3143
2208
3102
589
1219
2212
3018
521
1472
2089
2959
2510
1685
490
1110
1270
3268
2018
2671
2422
3502
3081
970
1094
695
2042
1544
1529
2147
1978
1764
1011
1499
2574
214
2340
3331
3165
3878
3126
2184
3008
1208
2956
3064
3594
1228
2550
33
3287
2393
769
1284
2910
2223
604
3035
2206
2423
1714
3522
863
1547
3634
972
3898
3720
15
2663
2220
3480
3367
2172
124
197
1862
2770
3871
1313
2714
3382
3101
3597
754
2658
8
3225
2721
1739
2051
3372
3405
3653
823
999
2684
671
346
2260
397
2557
3566
131
1444
1772
2413
3079
3258
698
2107
1
3893
3084
3438
2069
1566
1096
3843
3306
3482
267
2518
2047
340
1875
1022
813
969
1552
3865
939
522
3461
515
1599
41
1894
236
2211
1746
1135
2940
1351
80
3425
3290
2844
500
2041
3891
2373
2782
1891
2144
238
1507
831
3238
3125
2400
1304
1200
2236
1687
1824
2853
1297
2061
3345
829
2108
637
3383
904
3801
3114
2382
3428
2318
1550
2709
1153
1074
75
2148
3198
1514
3103
1471
2626
2982
1857
2835
3348
3798
1378
2443
988
2007
2255
216
1203
3544
1418
1414
1962
2120
139
1071
2653
2487
3659
3740
110
2897
21
1158
1516
1338
3696
2949
908
872
549
3591
1579
422
3249
2862
388
1515
882
2123
53
1858
3232
2754
30
174
2126
1653
1908
3180
3797
2244
759
145
646
537
1112
417
2676
3091
2173
1578
3129
2336
2064
1584
1716
1787
773
2892
1573
1324
635
3617
1212
1149
2079
2727
1931
2230
362
3205
230
2808
1233
2234
2366
2911
2666
3746
116
2784
325
3568
2864
231
1139
1353
2250
3458
3877
1137
3519
3356
2153
1777
2914
2509
1909
2967
3200
1344
2939
109
3756
2295
690
1906
3849
3882
763
2354
2607
2179
1436
2880
1943
3359
3375
3388
10
1263
3495
3363
1963
96
2723
2560
2800
2673
1577
309
3440
2104
3697
3246
691
239
312
3637
165
348
94
1366
1291
317
249
1613
2389
198
839
1664
2609
2319
2091
1406
618
1767
69
1355
1895
2544
2657
381
146
431
256
632
2323
363
1581
3230
2506
3468
752
60
1442
2333
1932
3150
1007
1004
1082
2328
810
1627
1897
355
528
3107
2708
2488
3273
1997
1232
1181
748
153
1267
370
358
3600
3549
419
3279
2094
2279
2214
1301
729
2181
1117
1539
1424
1705
932
3755
1826
1141
1142
2555
98
2038
2778
208
407
3392
714
63
2705
2035
2115
487
1697
1522
2364
2483
2873
2707
3355
2767
3762
3417
502
2054
166
1609
3472
834
1828
1564
2062
1512
1801
3705
2734
2805
100
979
557
62
3490
476
1784
2201
137
911
717
1126
196
255
2146
1549
117
28
488
934
79
3769
1469
2477
2454
861
1886
949
504
2080
2539
1201
1642
456
2625
3302
3650
1907
2993
1704
2689
762
273
2747
2564
253
3660
3026
104
3172
3726
3584
3795
1823
1657
2704
2861
3682
1843
998
688
708
1229
631
2845
1447
281
316
1174
2953
310
390
2596
2522
34
553
3582
470
1911
3140
3876
3399
1646
423
2166
3574
2817
1610
2664
2919
2285
569
3471
484
2834
495
491
2002
924
3226
3819
2243
389
3036
3058
3057
1587
3327
225
1668
2407
365
3860
3759
64
3880
2636
663
3813
2499
3078
2414
3711
377
467
1303
2642
3477
2130
2764
790
931
2205
183
396
2449
1920
1432
602
1347
420
283
2530
3443
3796
328
2549
1179
1268
3635
1650
1227
1738
3439
609
2304
828
1445
3141
916
2996
1092
3304
2010
2699
1526
1166
3632
1412
202
2830
1568
2102
1176
400
1952
811
1027
678
1570
1030
981
2697
1140
2012
270
2228
3254
3222
843
1265
3131
770
1464
724
3642
2227
266
3317
3750
2198
1408
2773
1288
967
380
366
2885
157
1188
625
3483
207
3006
1130
1049
3038
513
2416
1241
3241
1565
2237
285
2158
2924
923
3828
786
894
2647
2536
1443
3775
3655
51
1321
3647
1945
3033
2339
3316
1919
3611
2273
352
3554
1314
42
2580
3203
3835
2001
3437
3747
2256
2497
1039
3157
2725
1836
2938
191
299
2981
3488
1238
3034
1435
1960
1695
2428
1051
1091
1438
3569
2292
433
2049
1018
3120
546
2474
1452
838
2508
3662
2229
928
3395
3299
745
313
883
2700
334
650
2990
1629
2451
3407
1319
4
2599
2224
507
968
3333
1838
1794
2933
245
1273
3400
3510
3030
1231
964
3598
1538
85
1854
2909
3351
1419
2050
3046
3378
1511
482
1204
1159
2702
1951
492
2165
3144
1113
2384
3449
2964
1382
2789
1463
17
2489
209
260
2456
2807
1887
1173
3497
3133
683
1934
1689
636
1659
2716
1733
776
1633
1087
1075
2680
2114
333
2284
2923
2048
323
669
3410
3154
1272
1334
3294
2200
1101
173
3892
1723
2313
732
2690
3476
3096
2435
477
2876
847
1024
3702
3767
2377
77
2169
1620
133
2368
1207
1625
2946
1800
178
2155
3076
3309
1318
2262
3432
582
1116
2268
3404
1121
554
2737
3040
1588
3836
2669
2532
1073
3832
218
1079
638
136
3467
1766
3821
1144
176
2175
3846
2565
2777
3109
1307
2517
2513
56
1768
3216
1582
1356
895
3193
1691
3012
2476
2151
2706
2396
3474
758
347
430
1396
568
3565
2738
2895
2410
2542
3183
3074
119
1904
462
3710
1349
186
3704
1820
2576
3669
2334
2788
2023
1034
211
2482
457
2667
1186
164
3822
2358
2917
2231
2372
518
121
128
1874
394
2662
3830
1013
1644
2713
3207
189
1971
1991
3042
3783
2312
1197
3409
808
3701
524
1154
2391
3044
2466
2385
1010
3080
2343
3453
3295
251
3413
3689
154
3354
2030
574
1551
3277
2440
3358
1341
2901
1517
2860
2781
613
1649
2629
3512
1002
1679
3859
1995
155
713
2896
2420
2342
2930
353
1031
2799
1799
1388
1970
564
630
2541
887
301
1317
451
126
2512
3864
1196
2735
6
2216
1814
2498
1655
2521
1686
3336
2160
2961
730
1397
107
298
668
3353
2791
32
444
3714
2821
1234
886
2118
282
3086
2063
3307
1167
2099
2613
3061
3197
3181
2455
3361
1762
1210
774
1380
3009
1690
3505
2458
2202
1724
2944
593
1790
1996
9
1383
24
1080
2905
2301
1258
66
885
2463
403
706
2324
3025
2624
466
58
3010
867
1132
1454
2199
805
3748
3902
2207
535
1459
2711
3539
1535
815
687
2386
3601
2997
224
2859
351
1648
1249
1871
343
2280
1168
1425
25
2843
3068
194
2473
3699
2242
1025
1752
3343
2168
441
3313
2926
1981
2769
3444
2712
2691
1461
2553
3579
2646
3884
1070
261
3848
1476
2215
2008
590
1038
3533
575
1106
1985
156
1647
1434
2516
252
3106
1328
573
645
385
2412
1375
1756
3724
1949
1779
903
1901
3371
558
1214
1401
3385
1308
716
463
1728
584
2760
410
3135
562
2077
2869
3885
3342
1519
3719
1782
955
1926
3288
1592
1670
3754
3545
412
809
980
3524
875
3411
2540
1974
3199
292
1545
2472
2866
2594
2501
3889
1524
1675
3339
3384
1339
1172
719
3185
1553
3043
187
2296
3723
1847
700
3389
1576
1527
1832
2081
271
3550
1348
3534
320
1195
2441
3588
1175
3415
2726
3641
3613
2678
778
1987
1431
2989
140
1136
106
1416
2766
2176
1302
2349
2397
3266
2606
785
3442
2882
1129
3455
2528
3373
2298
3666
36
3340
1855
452
2903
1256
3729
1616
2936
2908
1322
940
2290
1968
2113
1497
2527
1060
1677
1735
1711
1917
1157
1753
3163
1377
1710
1182
673
1065
662
1837
1072
2820
2036
3858
3219
1103
3730
3164
3210
3085
2507
2850
3
411
3517
3676
3393
1562
3334
2505
3070
2398
3257
2185
1868
3803
147
2620
1830
3270
3255
427
1224
889
1460
1286
1294
3552
3692
129
293
406
1077
3906
935
1720
113
1056
3722
913
3596
1508
2187
3000
1817
2484
3751
2720
684
952
3053
2677
1226
2100
2445
2137
798
3870
1237
2744
1786
2524
1825
930
2274
2970
1498
399
1260
2852
869
2239
461
793
268
802
1505
1150
3793
1465
2921
3326
383
2418
3189
1603
3586
1329
3694
1439
2448
246
1081
2088
2765
2589
1802
1821
1761
791
699
1967
2651
1614
647
1385
3462
1482
1255
3668
2616
854
72
3556
3583
2987
881
2066
392
3887
2610
3788
302
3113
1289
2073
3649
3493
591
1017
2612
1509
2170
3212
1708
2390
739
3218
416
1910
3631
890
2974
1395
3051
1607
2695
1108
1170
2756
871
3029
3606
1559
3244
1948
1394
1922
1122
2059
2865
384
975
1637
740
657
3790
1940
1598
3376
3136
3612
833
265
1630
1251
95
2584
3823
1029
807
3365
597
2797
378
689
3725
877
2701
3486
1601
2652
2717
1359
1645
3626
1665
3427
1405
1585
371
1368
1849
1376
3829
651
2376
1009
48
3614
606
509
725
919
2122
2920
910
2291
933
2070
1295
2046
3809
1688
1660
473
755
3638
1930
620
2978
22
1340
2014
2192
1015
2405
3360
1102
1546
830
3812
2150
3855
824
796
659
896
2310
2142
1713
12
3208
995
448
3731
1605
1717
442
38
1998
918
527
1404
1169
3398
1672
2774
623
3785
3366
1279
3243
1864
1352
3857
612
3742
2341
3643
2728
2272
2739
233
1795
880
1921
1280
840
1591
2470
1480
3424
3454
626
3082
544
2294
531
464
2068
3735
3562
3441
1475
516
605
322
2976
3816
1178
984
2031
2056
1662
2190
3235
1600
1225
2233
70
1938
2814
2101
2841
2627
446
610
735
1791
3445
45
1257
1215
3903
103
614
545
3506
2136
2424
2433
3745
826
3250
2962
3186
391
2134
1684
973
962
3800
2087
2271
2387
1230
2622
269
2768
2833
3262
1333
1090
3772
3032
150
3814
1770
2459
1104
478
65
570
2302
123
1350
2975
3687
169
2694
425
3520
3390
2583
2117
2378
3148
3500
2055
1569
2602
942
144
2605
59
814
2894
2881
1450
2775
619
718
1925
3073
1086
3394
3753
2803
54
14
3421
1571
1715
1310
360
693
2575
2954
3578
2915
2746
1656
2592
3777
1325
1206
1262
772
1958
2361
1953
3861
345
120
3020
1209
2681
1745
240
3542
3293
1929
3347
3261
3259
2595
3845
88
2867
3245
2450
1810
2503
2027
586
1608
2600
1269
3810
3065
3196
1124
2287
1062
2729
177
3844
2637
1189
2952
2823
3581
1621
3530
2898
3192
1947
2347
765
3677
1048
1882
3426
512
16
3784
2156
915
634
681
2825
212
3346
3173
1467
672
2916
1719
220
2404
3752
443
2822
3176
1634
1078
1618
3239
585
2641
2218
1190
84
2753
2686
3652
142
2369
18
917
1457
3112
1458
1530
1427
508
291
2980
1287
469
658
989
3509
3636
2927
3560
997
2851
3758
1703
1387
2722
666
1221
2308
171
2874
115
2741
3031
2593
1111
13
3027
3712
1701
47
1964
2655
274
2569
2097
782
600
1134
3555
2417
1055
3052
1484
2437
1047
1671
2289
1597
3794
536
3527
1927
2679
367
3422
134
3833
2973
3224
848
966
900
2017
560
86
3323
1604
3137
1747
1305
1965
1261
479
73
3639
1736
326
2427
520
376
941
2327
296
787
2429
2028
2719
2162
3564
3190
2275
3447
2907
965
82
3802
2868
163
350
2547
413
2436
1755
1563
1870
1859
280
855
3350
3763
3115
3430
2163
907
1975
503
2121
3248
1033
1983
3736
818
3872
1759
3457
1792
435
3779
1737
3604
2452
111
1892
654
418
1336
1933
3105
1042
2561
1162
3087
1115
2912
3221
2135
1661
1277
205
804
314
2786
1680
3807
135
2611
3406
1312
675
2649
1430
1977
3559
2065
1164
2635
3132
1453
3119
1959
2772
3166
1941
20
3265
789
1466
349
1217
825
3721
2831
1543
2879
3315
2078
1468
226
2675
2932
1211
1725
856
138
1491
2350
2486
3818
2446
2762
288
272
2603
3072
3577
1023
1020
3168
3535
3897
2360
1399
2559
254
992
3059
3718
710
2442
551
342
2619
2496
1194
3122
2983
2425
3337
2180
2209
1902
2643
368
3223
2628
3900
217
2167
744
2219
1449
1876
1119
3459
897
3805
819
1554
2299
200
2090
2154
1152
3446
3088
3077
1809
1332
3761
2743
1327
1306
2685
1835
1815
2801
327
170
906
2453
946
2320
3050
3523
532
3127
2232
485
2138
530
851
2106
2937
3049
2665
344
2758
577
304
55
3252
2288
534
2986
1105
592
264
2478
3678
3004
1623
1266
2809
1683
1323
3377
3481
2141
1415
3450
3098
588
664
960
3016
2935
1754
71
297
1638
3782
2124
3894
2715
2024
3160
1831
1093
440
2286
242
2796
1812
661
3546
627
1700
901
3847
1893
3308
1487
1247
2249
794
1044
2447
1021
2648
550
223
3516
1315
3627
2950
837
31
3854
2402
1043
2925
2674
3195
1242
1254
1360
2421
3211
250
2258
977
2085
2025
3470
3605
455
2174
566
3548
1342
258
3787
3434
1455
902
2281
2415
2558
2016
842
2330
845
580
844
3709
3863
1961
1748
3278
2020
1811
3099
3167
556
1337
295
945
743
1806
2469
1561
2460
2816
2856
2893
1521
1275
3727
127
2832
3305
1532
3536
125
2763
3895
764
1061
3162
3658
2902
1278
29
2098
1398
648
676
2
1155
276
3095
3269
3019
2591
175
2338
2383
1100
2004
3734
3194
3011
994
726
3387
453
2688
2072
2604
3170
2597
3007
2344
873
284
2742
3330
3329
2842
1501
2682
3791
3169
565
182
3021
2015
2588
3318
1877
905
1161
1796
465
912
3557
3770
3386
1619
2401
2395
3619
2913
206
1420
1040
414
262
2032
3436
1773
3066
857
2481
339
653
643
1107
1138
878
3147
1937
3089
3128
93
2461
2889
3110
2633
2632
858
519
552
682
1861
2504
2221
3657
888
2129
3069
3292
3484
289
3671
3048
1014
3124
2084
374
3644
925
2254
3825
424
3220
2217
300
364
2899
1485
1774
480
1883
2157
2033
2586
987
2457
167
3537
3633
642
308
3379
738
37
3728
849
3374
1842
1285
1098
2759
3187
2052
3615
2969
1402
3873
899
2568
2887
450
438
2977
3629
2918
483
2195
1346
1548
2755
680
1177
3286
3145
3153
234
2193
3590
1109
649
677
3602
1528
3616
1973
1944
2875
2957
1850
599
159
3737
3732
3397
1392
1707
3739
709
1827
3233
3464
2379
160
1916
3256
318
2779
1939
489
2278
2494
373
74
277
1805
1586
2581
3867
1865
1744
2139
3478
3771
2960
2110
3804
3553
1557
2438
1370
3667
2430
801
471
162
3874
1506
1702
1658
3904
2731
90
2112
3511
2931
2439
2188
1462
89
2203
436
1281
3765
3487
3808
812
608
2601
1264
2468
2710
247
615
499
1999
576
1873
2587
2265
3380
2353
1246
3499
559
3242
3152
2276
1193
943
3609
1900
757
2105
891
914
2994
2322
3856
771
2511
822
3663
779
1185
1253
3744
3768
1840
2548
2191
3117
3592
1771
3529
2475
953
3774
1540
3547
57
61
3039
341
356
1032
375
750
1486
3837
141
1066
3538
3580
1235
3022
311
3275
2890
3515
2067
1676
275
753
215
2039
1742
2979
1867
2608
697
1503
3888
578
2222
185
2309
501
415
2928
2005
263
3850
68
595
836
2991
2849
2828
3217
3423
2133
2543
2331
1216
3741
703
1223
860
3121
2037
1481
102
983
2462
3656
475
3799
2776
2177
2639
3899
3834
1298
3593
2654
2355
3381
1982
821
3116
2325
2883
1422
2551
1652
2399
1473
2670
617
1994
926
404
1918
228
3111
736
3349
2127
1957
2945
2096
1259
3253
1839
434
1898
2854
1362
3229
1274
3301
3341
3298
1986
2572
3852
2546
2748
1413
2493
2943
3344
936
715
1384
3680
3276
2855
132
2009
3469
817
439
624
3621
3773
1365
1495
1239
1369
2491
3319
660
421
1085
3905
2660
3466
1008
1489
1037
3209
2749
1016
788
2900
1936
866
426
3013
820
3648
1903
287
1084
1064
1095
409
2471
1423
644
46
1819
852
1390
3419
639
1775
3838
474
324
1500
3492
3489
2186
1205
1845
1879
2213
3674
2128
44
2492
3811
603
1123
1493
803
2315
1052
2872
449
1950
2367
3280
193
1099
3191
2836
2870
105
3743
781
2972
2345
3603
3618
3139
2411
3134
1624
3717
1731
920
3271
1674
1798
2526
359
1583
3713
3296
1199
567
1411
497
3840
2076
1220
2963
294
938
259
2645
486
3503
2282
3695
2998
2566
372
1928
1846
511
1479
2182
3587
2514
1841
2683
243
3118
2311
3174
3623
2204
1054
219
3184
1612
2552
3448
548
1575
3047
1180
3570
2520
2838
2638