267
381
228
480
52
43
61
323
83
141
329
118
56
84
394
210
19
476
39
37
482
250
414
362
455
122
278
194
451
361
251
409
85
97
393
416
231
413
18
164
96
343
60
146
311
285
225
182
375
351
299
437
264
206
178
404
78
443
348
441
260
364
184
379
185
371
296
454
208
295
167
446
450
435
161
468
44
49
173
463
272
23
123
360
47
405
77
172
183
150
220
127
317
387
152
3
245
321
157
14
87
25
378
286
340
138
374
103
415
102
48
154
461
222
472
89
345
467
143
459
281
140
21
266
100
101
408
365
88
166
10
95
92
257
119
135
36
176
8
280
116
256
7
399
62
38
13
128
302
159
297
145
212
211
203
421
269
237
165
291
439
320
99
464
94
423
434
383
196
357
117
22
456
126
293
227
316
241
438
417
31
391
162
289
366
207
462
104
347
232
192
50
406
28
218
239
287
113
248
255
82
106
477
430
209
133
188
309
68
420
124
131
156
16
429
319
313
327
221
382
132
484
263
380
358
42
40
363
86
223
139
111
336
240
487
58
271
356
63
474
247
30
314
236
273
55
45
171
74
312
445
401
427
432
204
215
425
253
53
12
470
35
407
32
322
233
110
339
354
485
305
300
179
27
33
224
193
5
57
91
418
149
144
469
160
346
337
478
392
24
175
333
200
130
270
265
292
158
191
217
67
447
377
453
483
205
338
90
59
344
197
202
334
235
148
180
275
262
324
318
108
335
234
279
107
169
353
367
75
403
303
410
330
475
298
11
433
419
412
4
242
390
252
428
479
372
187
308
20
349
29
457
121
105
9
431
34
304
424
2
389
422
481
151
411
6
71
325
397
310
386
458
115
244
163
436
17
466
261
243
258
301
15
136
355
147
73
452
76
306
442
249
449
142
465
359
274
109
51
368
246
396
26
155
288
120
129
46
426
201
268
373
125
170
181
331
134
444
471
294
369
341
112
283
137
153
93
214
226
79
395
66
402
259
488
198
70
54
448
41
388
332
177
385
328
213
69
307
65
168
290
486
284
199
190
189
277
350
80
1
254
81
216
98
315
326
186
229
282
400
398
342
114
460
238
384
174
376
195
352
473
219
370
230
440
72
276
64