544
4797
4091
1015
393
4920
3897
5165
2858
1856
2548
5121
2731
3483
3286
3994
6222
5147
4402
5242
1489
3189
1780
3311
5186
5469
1704
3467
1789
5517
7209
1792
5221
998
1890
1410
1365
5589
5628
1
4438
5363
250
845
7173
1790
157
4834
1877
701
4488
3440
4127
7549
7550
7647
2984
1229
4478
3550
7123
3667
6083
6532
72
2820
1037
1378
5315
2179
1599
5292
6156
5524
6150
356
3968
4754
6878
6952
1626
4344
4353
1228
872
154
1430
2670
450
1466
7299
3796
5399
4556
6587
1051
4810
4811
5525
1967
3823
22
4721
6104
7646
19
3407
4085
1439
6640
489
6862
3785
6720
6954
1048
5889
3700
3987
1509
2421
87
4108
7393
349
884
5756
6499
3597
3245
5759
6394
3675
7346
367
593
2034
6427
5807
6767
1235
5801
6741
6939
394
6504
2124
6875
2649
2785
6696
3974
4409
6120
7043
514
6817
4084
1774
1570
3678
2743
2543
7419
5463
983
6124
5093
6371
5558
2051
7079
4166
2423
4337
7426
4676
2787
2346
3443
6258
4794
604
3392
3563
2489
7657
7452
5489
2113
2780
6751
1270
749
3696
3186
3512
4700
4530
4118
3459
379
1262
1267
6854
1281
1017
2229
182
7472
5181
2013
2325
2337
2612
1359
895
2852
3734
7056
3962
7411
6966
2394
6833
4588
4068
7396
1090
407
3792
324
1622
5339
946
4079
2117
7091
1996
7431
5494
7493
152
6714
1139
2590
5414
5214
3908
4561
2373
3663
2804
477
6578
7279
5972
5002
5356
6176
6207
658
7117
1061
4171
6624
268
5178
2197
3399
6060
52
1501
6893
3715
6950
2906
4265
5168
3418
3233
2430
4847
2005
736
1283
7469
7553
3030
4494
5237
6487
6955
6976
2943
4528
3656
1554
279
4264
1443
1162
5968
2142
7007
6254
1772
6180
6155
4048
1391
6844
2362
6410
4363
4756
679
7046
5904
3124
4644
4098
2713
3773
6412
7166
6227
1603
4983
3187
3511
261
158
3744
2930
389
4795
6248
3517
4428
1471
5573
16
5296
2907
198
6937
4009
5391
993
7129
6190
3368
4594
3586
1697
4558
2790
5849
2882
5577
6025
5438
6553
4375
2382
4471
58
4140
1255
1804
1986
516
3480
4359
5070
1136
2449
4545
4531
758
2723
5953
2407
1345
4565
3750
4153
1058
2024
1526
2567
2950
2556
2105
3027
237
5730
2822
2305
5036
5739
6388
681
411
5878
5794
4461
17
1275
2358
7405
6097
2640
7026
4554
6131
4635
570
1540
7642
5086
3937
3220
7148
1969
3938
924
6452
5931
6334
1615
2904
2146
6355
723
2843
1331
616
764
3755
4199
1018
5551
2238
5044
5682
1467
1887
2159
2387
5989
5503
6013
5758
7628
112
2831
3156
3713
5973
5247
510
812
5674
7790
6418
2065
5672
1066
4769
1165
235
5291
6581
1056
1724
6020
1030
5828
4888
4914
4727
3781
898
2441
3247
5058
213
212
5251
5923
6329
5929
685
4270
1662
6268
5799
4208
7018
4285
1409
286
1110
7257
6526
6169
484
2741
3618
6934
1220
1710
6250
6846
4287
6993
365
4162
3031
6303
7637
5909
6467
6601
1716
1306
2901
3488
3260
2361
7374
3309
2492
2245
4122
1784
1771
4109
1253
1206
3485
4512
3729
2029
7202
2575
5429
5111
7110
5130
1692
171
162
6871
1960
1009
3370
3856
1087
1886
4604
1748
1392
2290
3388
1133
830
3935
1487
3880
7512
1400
1333
4678
2150
5436
1733
4362
870
7636
6824
518
3874
2878
6957
635
5067
3498
5301
4889
5854
7525
793
5273
5486
7158
4380
5660
1338
220
2068
6877
7414
1269
4486
563
4124
3966
3958
4544
5175
3273
5875
5484
3303
6071
7144
6982
5538
7370
1055
4077
1425
344
1699
374
7101
2327
3039
5765
7434
5024
3993
5514
409
4497
4713
5260
1149
4960
5817
2452
6421
5354
7572
370
4339
2828
6816
753
297
4056
7609
7428
4271
2496
3973
3749
4201
5437
4655
3604
78
6688
3606
4766
1623
3923
7220
4933
130
313
4005
127
1373
3507
7273
4125
176
3732
1053
4645
5398
3224
217
4103
5368
760
7258
4289
6942
7378
5836
6216
7458
1947
3068
4147
7364
6681
5164
6062
4194
3387
3561
3447
227
4580
3120
4479
3810
4080
4665
1613
3192
7073
327
5713
4197
2191
6221
4072
3252
2213
5077
2097
7514
6661
5790
6403
5060
1295
6321
2248
4306
457
4170
4789
6895
7755
1558
4069
6281
4418
5320
1993
4590
2494
482
6353
552
4193
5137
4028
1597
3427
3947
2199
5210
2319
3105
3486
4301
4825
3932
6649
4366
5761
7459
1544
1093
2436
5776
1125
4935
1964
4496
2089
5258
7762
938
2841
4760
1387
3971
1978
6292
1601
3416
6543
7623
1477
3565
4642
4054
2604
5609
405
1458
253
5294
6590
3397
2810
2390
5509
3838
3825
343
4338
522
4802
6191
4968
6821
1388
323
4682
5256
7267
5991
5935
3658
5956
4484
4586
6547
6890
2596
5302
1236
1528
1003
5418
2224
5506
7291
521
4443
5656
4525
5951
397
921
5582
2188
6549
4881
2823
7552
1421
1918
5596
135
831
4971
6408
2381
2593
1566
7480
6789
3301
1992
3173
558
402
4211
7789
7711
7772
5117
5764
3889
1316
1022
7210
1154
3106
1366
6726
7116
2366
1408
5073
4869
4610
5075
3496
6842
6290
535
2605
6567
292
2173
1082
7778
1515
2036
5843
1578
5408
5362
7523
2982
2094
3107
5555
4643
6395
4901
303
835
5504
2120
2021
6058
1913
4456
4371
1188
7591
2853
571
3087
5440
2274
7596
1892
2272
2298
3702
6857
3907
508
4342
5261
6778
5392
2454
6727
3616
1232
3206
3510
161
5159
1178
4564
991
1871
7717
1875
2745
4358
4277
316
1170
2041
7542
1147
4978
1983
625
3304
6027
5932
3506
3281
1211
3191
978
3185
1557
7692
309
3500
3053
5415
3708
354
4805
2754
6294
695
4858
7095
5922
824
6580
7798
6030
6635
7773
1698
6352
1115
1981
2365
6285
3205
2176
4092
478
3444
5814
2633
4629
131
7233
4904
1286
1676
3703
1330
3308
495
7704
7392
3092
2619
2698
4231
7109
1984
3903
1474
871
1657
1014
5659
1841
1234
5327
5135
4439
5689
923
7171
4290
4149
1201
5207
2475
2370
4972
3454
2420
4673
2498
3828
5711
7634
282
98
6967
4891
6754
5234
6493
4807
4083
3114
2464
1194
5853
275
6471
5639
6916
653
4873
1895
4917
532
1855
6731
2250
7231
661
2090
214
6683
4724
1726
1843
4053
7075
7462
7138
6360
2863
4183
3325
3347
6389
1335
4912
4413
7736
1747
7494
3650
149
6958
3337
6718
3048
5016
3526
768
3493
1119
711
6163
3865
1106
6369
914
7236
2299
4016
2719
6611
6623
185
1301
6756
5818
1906
5238
6399
5839
4386
215
5760
7052
3404
3575
6781
3348
1071
3479
2483
4899
4658
6894
5335
6968
5080
6165
5888
1854
1891
6004
4650
4863
3600
7216
6458
5783
7280
7314
6090
1247
6336
424
7027
1444
3925
2628
7486
71
1049
6665
4142
2293
2650
2764
1197
4107
2147
3180
6050
4973
4879
4648
3113
3706
1026
717
7408
796
6323
910
578
2412
1763
801
6812
528
15
3421
3542
4741
3727
5753
2651
2876
4102
5646
5975
5955
7285
2286
3751
2654
4284
2759
5351
590
3162
6218
2704
382
3652
6075
7132
4593
4485
3793
7627
5560
5360
2260
2902
3137
5838
3188
7192
7741
1719
6139
1621
2287
5531
2576
3225
6263
1552
790
1121
5477
6511
3635
4218
609
1179
1459
5340
5616
281
2560
5479
6439
7055
5171
5893
1257
5580
2729
7376
2067
2580
795
7453
6365
3014
5495
3883
791
6881
2364
4761
2352
452
2419
7788
2636
4751
5708
2992
6761
479
1004
6598
5862
2447
102
7643
3020
3290
2462
1539
7532
2666
3552
7189
614
5329
6492
2056
7527
3812
6907
1463
5101
5649
1096
3056
767
530
6917
1811
1605
5766
5162
6676
3898
952
164
599
238
4099
3927
2812
6053
3176
7771
4446
3484
6602
1878
6585
5752
3217
3288
1344
6451
4819
5755
2439
2078
3790
2555
1432
360
5446
4299
2151
2917
6810
6264
463
289
7193
5388
3040
7611
6537
6046
3095
3791
6529
5631
2143
5264
2139
4845
7470
1859
3837
7802
2999
2996
2484
3253
5945
5014
2972
2354
4694
7154
6653
5287
3598
4945
5450
5520
5855
6722
4560
2566
6168
4666
507
6315
6716
1000
464
5695
2627
941
4831
4826
7062
5337
6550
2192
5309
1524
2539
3346
3323
1445
2312
1936
7222
2739
3417
2133
3143
2711
780
628
4390
4719
7599
7357
3633
1641
2610
2939
5333
2967
6357
2127
7650
6507
3319
1619
2708
6918
6828
5043
449
3862
1680
1124
3478
4731
843
93
5891
525
5913
3513
3547
4248
2473
1845
5472
6998
136
1243
2055
5330
6737
7061
2413
4685
5416
820
420
178
4732
3536
1537
2009
3699
6219
1942
7004
6245
6962
7785
3867
6015
133
852
5182
4919
3414
5109
3100
6835
569
2611
7658
3178
3065
4151
813
5141
3661
1303
3595
6239
7113
4907
7131
5466
2240
1836
4717
3284
5183
7371
2955
3579
6151
6531
3707
7461
5590
105
1064
1028
7745
236
2500
2259
2908
110
3019
5187
718
3322
3492
4788
5502
5419
2329
1044
4340
6312
494
1612
5403
551
4812
6705
4278
6921
2602
7348
2637
3964
3117
6724
7543
6293
2531
6231
6787
5518
3508
1216
271
177
1098
4753
1564
341
5289
1631
5720
4663
205
4529
7228
3640
900
3578
6441
1419
7783
6393
5846
5885
3390
4012
1239
4388
5612
1639
6876
3024
3232
5879
5512
3984
5632
6400
2924
7306
2317
246
5497
5069
6919
5714
6430
973
4230
2515
2513
6424
2442
2050
2594
7021
4596
2247
788
6107
1955
6411
3956
5974
6242
2243
5460
1246
7042
3409
7201
6892
7412
4986
1111
4182
1464
5982
2385
4490
5451
2445
6659
6133
6215
7106
5980
2205
5108
1833
6986
5217
7630
3431
229
1035
6310
5581
6808
6277
3209
4408
2632
7530
6619
311
1196
5789
7241
2493
425
1079
4037
5778
842
5252
5282
117
6785
3769
1677
5367
6740
575
6721
2049
3057
1883
4790
1089
5884
2123
6945
3201
6339
4890
2648
5170
827
2116
7099
7032
184
346
7270
3891
5006
6561
4234
4357
1382
2177
4576
5563
2803
1040
3199
786
7564
891
2523
7327
6319
3721
4985
40
716
3642
4701
3171
4736
2758
1787
3163
6402
2951
89
6251
5078
5215
6484
6913
596
506
5464
2561
1367
2668
2100
6049
1500
1192
6205
579
6257
2850
1259
6524
3023
886
7800
771
589
4821
3753
1304
7751
6523
5728
520
7207
4430
7169
4609
4454
774
4026
5637
3754
7227
2896
1038
7607
6836
2140
4105
147
6247
5650
699
54
1820
4100
7528
1882
2800
51
3400
5622
7332
2455
7533
7365
5809
3266
3651
4173
2760
5142
3685
2626
7721
2110
6145
1146
3013
4683
6505
6000
7724
5338
1797
693
6470
7488
2069
2263
1157
2688
7330
2718
5820
74
3694
7765
682
5603
7235
5870
1187
3181
6398
6259
3934
2532
3884
1244
3681
4553
2064
6928
805
3601
6606
6341
333
2007
4520
6742
2816
3852
1153
465
3429
6869
2025
5313
4319
5326
5842
3270
5136
23
5005
6160
3067
2014
5306
4006
1261
34
5723
99
5169
6620
3000
4346
7232
1909
1108
1317
1321
6087
6900
2847
2200
3522
1001
1081
1411
6382
6693
2228
3917
1212
1559
1516
6672
2162
5717
2323
221
4412
5310
223
400
5933
6306
2059
3420
2119
2138
1609
5750
92
6182
7707
1560
2432
1958
7331
4955
3624
4373
868
2685
66
4033
6605
6448
2102
4866
1126
698
6843
1745
4433
4876
6860
6938
811
4578
3275
6438
840
3555
2340
7531
3406
4670
2486
6637
3890
4442
3965
2289
6936
3033
3174
557
5218
1689
1086
1358
1112
5887
7524
5565
3213
6779
6313
5743
6908
4661
5567
4785
7010
3659
5402
5924
3342
4164
3719
7423
1755
2244
377
4963
7641
929
1573
4602
2154
3946
1629
833
3044
3398
2869
5374
3449
839
3731
4857
1497
5410
2377
536
6414
2673
7732
6827
2833
1325
2185
5361
4233
4089
4023
5378
3045
6730
2954
3514
2565
2975
3849
7403
4318
443
5039
562
3367
3736
950
641
6404
4063
3098
5319
6489
3797
6345
4660
5113
549
5000
800
7546
3593
6225
5960
1355
6252
293
5037
7710
6887
3292
2405
418
2256
4391
4653
620
844
6646
617
7329
4202
7526
3381
1598
6669
3430
5643
139
4094
6497
7483
4039
6106
5284
6128
3725
1217
3362
308
683
3465
3902
2622
1584
5638
5608
85
2178
605
7385
1420
3028
2006
4868
4659
7413
3583
325
803
4575
4944
1927
4896
584
1917
254
1174
1720
1414
3877
7720
899
5620
1172
815
3873
114
1363
5192
738
2606
2844
5729
6868
2839
6930
2866
4406
1683
2438
3165
3846
2750
6627
1800
3689
1240
4200
4598
7176
1600
7626
7406
5867
3128
2516
4458
6591
5468
3099
2922
317
1735
948
5053
4292
4143
7812
4862
4539
7440
696
3969
3617
1848
6455
5841
6498
1669
5370
1874
7011
6599
5939
7776
5898
1168
4706
2934
2784
7794
1109
1870
1551
3672
2292
7001
5704
3196
1750
2836
5950
231
7484
7555
4243
715
6805
7629
5422
1775
6996
2307
3805
2367
234
4291
1937
2045
4498
1138
7757
4274
7298
1054
6017
5962
6021
936
6912
5557
5413
2582
3093
3509
686
7121
5206
7294
782
4816
4828
2357
4472
4654
2647
2599
7547
4501
804
3875
6184
6116
4606
1274
3553
6159
7805
4929
6161
3168
3864
4090
4964
7567
216
5379
5125
4949
4864
7041
7415
1644
2128
3155
1518
5211
4690
3928
702
7737
3235
7485
2497
2680
6468
3241
3101
7584
526
6710
1842
7474
3491
4647
6152
5129
3265
1460
2012
2209
513
1581
4384
7194
3922
7184
2158
6068
283
3300
7230
3881
4517
3158
4667
5617
6064
2077
4228
1788
5030
2310
1832
828
5578
6758
7520
548
2157
7698
3623
4989
6054
4859
1368
6091
2825
260
4707
3285
7667
4567
1674
3335
4128
7185
7505
228
2125
5871
6125
3372
187
6709
7339
7797
6660
7097
6453
7463
5445
2851
1245
81
4347
7308
1567
128
3071
2395
1114
4722
4383
4513
5054
2171
4070
6420
1696
1376
3610
7107
6028
523
751
7147
3967
5272
1129
7323
2463
546
7157
4258
7733
496
1951
773
6679
3474
2072
243
7490
3549
7644
1182
3774
3612
3949
1514
3654
4469
357
4787
7595
1092
2747
3981
5947
5665
5458
937
6559
2437
7134
7522
1313
1965
6482
1577
4872
503
7479
6574
3906
529
5481
6626
1401
6628
6445
7518
5492
4505
4768
3315
5519
3839
1205
2351
5652
4214
5915
4459
4215
5025
730
585
5049
2540
4281
2268
4191
3591
6026
1727
6096
485
6123
7186
7507
2491
2894
5424
1200
2008
3089
7760
332
7351
1908
6564
6045
2770
7269
4991
4096
6729
7297
6204
4739
6109
3413
5621
399
7402
6450
1730
4533
4364
1144
963
3631
863
6069
55
4729
1502
2678
1961
2315
5085
5382
2700
1829
7804
7086
2180
5454
3826
2020
3327
3885
7212
1860
3780
3145
1616
741
4204
3954
1208
438
677
3032
5056
2721
905
2761
6432
904
6460
4132
2103
5431
3787
2156
4369
318
3103
1185
2485
141
4716
6243
2164
3771
836
5825
3419
5066
35
4224
5938
5727
6652
305
5541
1912
1394
5205
3662
3036
985
7114
6872
4470
6786
6201
5550
573
7639
2616
1300
2549
7696
125
25
6442
1097
2937
6819
5346
1116
1840
3842
5420
3011
4242
5595
6461
1723
3296
7221
5895
4245
5082
2118
5664
2101
1762
1802
3545
3075
4086
543
2948
3437
97
1213
1047
7105
1568
7118
3680
3091
2301
1634
1957
809
2945
1928
5092
3239
118
7632
7656
757
5629
6584
5311
43
970
5317
1305
4473
627
6495
4617
6762
5442
6644
3777
2073
5050
453
2132
7554
1024
7305
6134
4656
416
6318
460
5897
1753
5434
6154
3238
7383
5099
2149
5614
897
7556
7394
3438
6600
18
6888
6373
5876
6879
4017
7544
4934
4477
2778
1950
4152
4947
1640
4782
1417
7712
5031
7681
7226
1679
3310
5566
3684
5542
7064
3919
6416
7735
6573
342
1671
5243
6707
7777
3378
6712
5441
2404
3990
6572
1701
4203
6771
1221
959
2842
7570
6612
5948
964
7580
5449
2328
7102
5537
2789
4420
239
3972
6361
2270
5601
446
7048
4423
6941
7728
7281
3244
5098
6500
4158
5079
2360
3257
2883
7727
3009
428
4213
1386
1298
208
6633
1907
4959
1493
6198
6793
2915
5633
853
2266
4534
7808
5394
2720
3408
5900
1505
1647
3357
1561
6317
7382
7126
1256
7722
5882
3829
4205
3644
5964
7652
5993
932
6629
2380
6622
4421
7668
6170
3141
2010
3059
91
2559
7119
3043
1499
351
339
1189
7252
6922
3115
4500
53
4030
4495
7389
7767
1666
6855
3037
1046
2781
2226
6230
1519
3157
5040
3375
4925
670
3741
1535
4387
6417
3262
3076
6114
2249
3008
3476
4909
3717
2416
3745
1352
643
319
3219
6891
3592
6514
4723
1759
4405
5553
7688
2598
2623
5920
3955
6743
3017
3369
3139
2417
1849
4262
233
2231
442
6735
4792
7093
4326
5508
5412
6043
207
3426
849
7566
917
2258
739
4804
4055
3148
1531
1027
4322
1793
9
903
4444
2504
1664
934
7369
5994
7151
5977
3302
1241
3557
5985
3006
7671
7761
280
6608
84
1422
5813
298
5300
6348
2509
7545
7574
2519
2993
1379
2588
3945
2558
7585
888
873
5316
6586
6992
6255
6157
1050
1777
1265
623
7287
7513
3058
1383
4569
5425
6173
69
7090
720
5259
4268
7460
4966
7615
2096
4178
3046
7709
3878
7047
2905
2155
6042
6575
2774
6841
1091
390
5777
5916
6639
5865
6275
2451
2699
4447
5600
3851
3594
1764
4448
6746
1868
7135
5914
5104
6597
6001
6101
2506
1227
7730
502
3861
4895
5369
350
483
1591
2079
7793
1512
32
667
3564
3704
1682
733
2607
7311
4004
1990
1254
848
6594
5012
1946
2769
4878
3410
5545
2456
1702
1593
3820
3385
4744
1059
4508
3457
68
6944
7361
3131
122
6212
1738
200
2617
4252
2022
1184
1334
2223
7224
5819
4603
7015
990
3259
2726
2867
376
4007
657
3843
4304
4116
199
2956
4263
3926
2251
4335
691
673
2534
3944
7386
7360
6905
7310
3580
38
6274
5668
3940
3184
5979
1741
1484
2630
2573
1929
1968
5877
5543
3237
468
1903
160
7139
6632
1935
2933
1653
7247
196
3858
832
5976
3788
1711
6863
2246
6795
7335
1402
2809
1649
7682
4449
2579
576
4900
858
5561
5400
4784
1919
5483
467
4597
4817
3718
265
7203
2890
5257
6454
3249
6375
6690
4221
1805
1226
1604
4255
6351
5470
4730
4475
1441
3516
5966
5516
2309
5735
1294
6256
7594
2481
2600
7683
5314
5523
5219
7074
6773
4930
1385
2581
290
2087
6579
1299
2126
1416
4662
1538
4057
10
1520
1029
1943
3001
6884
6444
3354
6753
1266
7143
2840
3676
6603
7317
2512
2681
4416
951
5213
6630
3560
5605
1450
7747
1997
404
2914
7708
4696
3620
3003
4180
4994
2528
7602
3778
3193
1222
5835
5527
4649
6668
3913
3804
6070
705
1585
908
7234
2595
4843
1941
4020
7529
369
1002
2302
276
6266
2707
5455
1347
1250
6769
2550
634
5767
1991
2701
967
3230
5944
769
1135
1684
2294
5089
5534
3630
3339
5499
6229
5606
426
2919
992
1461
5029
2514
4612
6745
490
3475
2472
5122
3860
1491
107
1370
6141
2757
6392
6981
1302
5625
6925
2161
5930
5986
2805
6648
4136
5687
1706
4689
7355
5267
5342
647
3959
2791
6853
1418
3254
2942
3831
6964
533
5057
5832
7136
262
7677
3358
5145
942
2321
746
6089
5907
5592
2624
4251
2066
5498
2965
6364
598
7315
6643
5599
4492
3534
488
5195
440
1635
3532
6525
1994
3910
5845
6533
4064
6991
3133
1866
3351
1660
4559
3758
3628
7164
678
4195
6080
4157
4311
5505
3978
3977
688
789
5389
5276
7391
2018
4750
3855
3371
6108
997
854
7589
3951
4236
3622
430
5641
1995
7497
606
5779
3799
5274
5478
6757
3821
1869
5191
3214
61
3041
799
7669
7617
2131
7700
4969
3538
6706
911
5154
2886
2529
5350
3827
7436
5673
6437
3690
666
5816
4953
7243
4288
6246
7155
5754
2815
3963
3481
3584
2895
1930
1819
6065
2283
633
1933
2990
4167
2217
7559
455
7731
7092
6764
4081
2216
226
6278
4398
3794
5615
969
1063
6466
6826
395
277
7558
2457
2311
2675
901
5694
5265
5405
301
73
2082
6738
6711
2291
7417
968
169
4019
6092
1326
6193
4411
5831
2683
3122
2932
1873
192
4778
5797
7631
1470
5203
6831
4772
920
7060
310
7100
5844
7036
984
3924
4467
2134
3551
4998
1744
5349
1795
3568
5990
5526
5149
3746
7680
4922
2665
88
2376
7576
6356
4627
4067
7666
2459
1717
3679
2316
3218
3063
3161
3711
2047
1492
6354
5957
2324
4130
4437
4024
1863
6132
531
2264
5815
6129
5863
5297
7307
5011
6296
4902
287
6856
3002
3562
5132
7685
7213
2690
6625
7137
621
6699
6889
4548
6322
7421
1190
814
5003
7418
3382
1952
953
4368
640
4350
56
1678
5812
1067
847
6858
2469
4135
4705
7197
1749
5653
4216
269
2039
2952
2755
787
6456
2028
5927
6634
1896
2521
6238
4574
1476
101
5007
6385
4552
2508
3411
7784
4982
5266
1847
4735
6677
7742
5427
2443
1452
4244
137
7786
5768
321
7031
6571
3007
6874
381
2112
7170
4465
5395
5246
6003
2782
1296
302
1754
3979
6119
6088
1480
808
3134
574
4599
619
7500
4452
2621
807
3167
2333
106
955
4967
1455
5569
203
3222
2862
3896
4031
163
1989
7502
3559
7723
7082
1898
4923
4400
5741
3975
5045
1364
3647
2927
263
586
5435
2465
3415
4799
4527
564
6970
5144
577
6763
435
656
358
2814
3140
419
1191
4432
7539
6189
1534
6845
1889
1332
7565
181
2535
4853
4073
6270
3899
7672
5084
7190
7695
2401
1508
6658
4220
6022
2947
4836
5830
4671
1465
6798
2884
5611
541
3229
6295
6056
1399
6196
7439
1633
1791
7087
414
568
5642
5220
6760
273
4111
2345
6206
4308
252
2695
6
2671
4849
2167
6702
7587
3920
3299
5823
3054
4800
860
7475
3452
4250
4168
2109
7344
3723
4781
1665
1722
4317
4227
7006
6037
5536
2614
3665
2190
7067
5244
5417
5323
5800
3401
6615
5705
5376
361
4074
5949
6911
5396
2860
3332
986
4435
3066
3384
2349
5355
4840
1838
3144
3326
5593
172
7288
1263
2940
2903
3641
5491
2964
3931
2235
2019
3636
7245
487
1032
834
7768
2233
7152
2000
5586
6870
7635
1823
7754
2872
2742
3268
3673
5857
6384
572
6953
1099
3544
2196
2635
7713
5881
6972
1397
6449
6271
2418
4928
4394
748
517
113
3763
1655
7536
1507
1651
6344
2428
2165
4001
6485
1238
1527
1893
2725
4692
4870
6283
4296
6415
4783
5409
7312
4681
3468
742
338
3012
1673
4976
4742
2568
2687
4589
866
2083
7575
76
1550
1429
3004
6926
822
511
7686
3074
6081
724
48
4169
2913
5364
1426
2986
1778
2062
2470
433
7363
3212
7282
1594
6197
5223
4884
3119
4144
7037
7356
1924
5380
2796
3901
6199
6401
902
1529
2710
3980
5733
2517
2063
3082
3608
710
3524
7150
4066
5522
6029
740
7353
2807
7495
592
224
7059
2391
5532
459
3709
2773
956
7349
7023
5851
6750
3035
3698
5540
6915
2480
2253
1272
4343
5482
340
4145
6203
2659
5487
1431
3983
1324
6192
6061
7238
2910
6609
6717
5792
6305
2589
6291
7791
2923
7
6078
4247
7320
4841
3228
6220
2279
7744
5345
6171
1661
1008
1483
4025
6479
3655
3603
14
2735
4133
5716
2877
3638
447
5998
4071
745
3061
5840
4298
5675
2278
3125
6142
6158
4489
4110
3090
4773
7614
3395
4710
930
965
5115
62
5452
4377
2393
1145
3135
5467
595
5254
1078
2893
2396
7159
527
3085
1218
5123
1036
504
1949
4082
7619
672
1073
2166
4282
4942
6149
3529
6299
1068
5172
6610
3243
39
3477
1202
245
624
4256
1404
6799
2938
7563
1590
193
559
4940
4396
6433
7246
3505
4189
785
2184
3569
4537
2779
5724
7450
3574
2220
7286
7782
1214
7625
4112
1690
1104
5738
2033
6671
1536
5901
7076
825
3487
4543
4633
3657
4457
6951
7083
6380
4867
3445
7070
3766
2088
1583
2525
6667
2411
4538
837
142
4138
4415
413
1831
1171
392
3293
4165
6768
6148
2281
2237
2282
7156
3515
2409
2978
1533
6363
2601
761
6963
1310
4040
6806
1451
4702
190
7034
1268
6713
4502
2926
1057
183
144
4726
5686
384
1940
3153
6545
1901
1276
4563
4809
4445
82
326
3915
4515
4101
240
5513
4269
5748
5485
7645
4312
1318
2202
982
2792
4523
6978
3060
5811
1152
5278
1167
95
1323
4463
3442
2911
6422
7196
1490
4235
7534
1437
6063
2855
632
3816
6657
2706
5769
1574
4892
5529
5802
1685
1308
2679
1914
7165
4047
2732
7029
1864
867
4332
5074
6300
865
3645
4139
2571
6234
5421
2702
2971
1210
7146
2615
6687
2314
5457
2130
6260
6508
5961
4097
7133
7740
1803
3730
1307
4329
1510
7774
4674
4774
1932
4848
2813
1915
2570
671
7358
2239
4370
5827
3834
2524
6607
3762
335
6903
3200
266
5295
3756
2522
4738
3151
6127
7590
7551
1285
613
3503
5100
3614
1012
2674
721
2655
2313
5353
4775
2716
6459
1798
6397
444
3432
5771
1980
461
2183
2880
4106
1563
4711
2900
1472
3830
2107
3795
4259
4266
1195
4844
6562
972
2148
2389
6121
2652
2453
2874
334
1377
2881
64
6326
1806
3164
2450
5286
148
3743
5290
6095
4745
3499
6113
4981
5034
2936
1315
5133
3097
5027
5533
2646
1899
5196
3081
7251
257
6807
403
170
1389
4672
5740
2696
2215
5459
1713
1746
6076
499
660
5061
4087
2751
1620
4503
2920
3334
2400
4186
925
4119
4045
4121
1522
3364
3632
1972
2963
861
5681
2518
168
3154
7738
6232
359
509
1953
4875
2208
6582
3150
4295
4466
607
4355
3866
676
3172
4851
274
2081
2195
5263
7424
431
5585
995
2015
5103
4395
2551
3223
778
2129
7088
7499
2392
3297
7084
7218
1504
4638
4965
3653
1542
2254
6057
580
816
6604
197
5928
2657
7319
201
2145
752
6480
4038
6426
4757
6596
5321
5200
668
2304
186
5868
5112
5719
70
63
2295
5515
5903
7316
3321
1916
1846
3803
4636
439
1016
649
1237
2074
6521
7250
2899
6723
2425
5285
1339
4131
4476
3394
4011
295
3716
7058
285
1482
5021
1904
5357
2578
1412
6253
1481
2845
3080
6135
3264
1548
7104
5967
1353
1150
3670
6115
75
1703
4885
1424
6837
2330
5548
1475
945
4824
2242
4865
5619
1687
994
3022
3461
94
2788
5042
2887
175
2848
5572
5199
2371
4509
6701
4765
5298
1923
4562
304
4401
5019
5535
7779
5197
6286
6733
486
6959
6387
6744
537
6749
6985
6309
4185
3463
5304
42
7508
3190
2672
6813
5155
219
3175
7219
1252
7277
3146
6829
314
2048
4
1042
5372
826
3294
454
5707
5047
5772
3627
4631
1752
1351
2403
4088
4996
1625
5202
5983
7604
933
996
5116
2572
4743
2991
7448
3104
3374
3079
4536
1760
4813
1543
6847
30
3183
1902
1233
368
4883
5992
7749
2634
6136
1156
3540
3695
120
892
2885
4134
4059
6613
2554
6039
2608
2873
1436
2030
6820
5671
4687
5139
7799
3798
4321
7295
2740
4172
1486
2861
6527
2988
5912
4718
5262
7049
3587
1963
4577
6994
3961
781
1821
5318
2
21
7366
2277
5156
869
2221
2806
4137
4159
5911
4688
5861
7045
882
1423
4803
2108
5017
3393
6864
1881
1721
5770
27
5198
1628
6473
4547
2378
6684
4832
5209
1525
100
2889
41
5984
1405
2957
2724
6067
3221
5685
6177
378
3489
1638
5087
4148
7248
466
3832
1101
7664
3204
6072
7260
2749
4936
3460
7181
6269
3112
7598
6552
2526
1328
6904
3396
5325
2474
232
7548
5447
6040
7127
3010
5892
1910
222
4777
2629
5905
1589
7272
1884
4695
3857
594
3997
7120
1850
4018
7180
4014
629
3548
5908
6194
1291
1131
241
1503
5594
1319
4691
7013
3108
307
3428
2203
1393
6217
6859
3182
3887
2631
5224
7167
2709
6014
44
7649
4320
4748
1407
2727
5308
977
6112
4993
4827
6200
1971
6235
5051
5177
3742
3132
2777
2495
218
1453
415
7810
4188
7775
4480
5119
6342
12
2026
2060
1956
3147
6288
2273
3942
915
6280
4061
5010
4382
1810
732
4293
2966
2300
4361
1768
3895
1225
2530
6429
174
3817
2104
146
2645
7560
2027
7445
4592
859
1586
979
4906
1880
7464
1447
4850
4974
7769
2153
4487
3026
5303
2095
348
3841
7053
581
4952
5471
121
855
725
2482
7337
4639
2011
3425
1329
2585
4699
299
2802
4970
2944
7223
3329
6655
3596
6102
150
3152
7457
3992
1084
2399
3482
5032
5530
4709
4324
1579
7354
2689
3055
3110
6522
2564
6457
3029
7654
4770
2052
802
7729
1161
4374
6739
6103
7621
2703
5742
7578
4641
874
4749
1160
5152
1113
684
662
7342
7372
2609
7112
4657
2410
3279
347
944
7430
6616
7691
5780
2547
7690
422
6007
5782
2834
2658
7653
3571
5096
2533
2271
6233
6308
6645
5829
3490
7662
1166
6747
5035
2187
1905
3462
1766
6425
191
5598
1670
7660
6370
1580
6866
4668
2691
4095
6082
3226
429
6983
3844
5805
109
1814
636
1686
4010
1865
7687
3643
6748
3639
2801
1311
166
1105
4938
4280
3599
4504
7313
7065
4333
6834
4686
7072
6195
1360
3402
4714
6146
3018
7537
4240
4310
2384
2794
3062
3466
2832
5331
7441
3274
1120
1565
4399
6791
4046
2974
5387
2697
2303
7229
3811
1945
7809
3786
2398
1691
755
6009
1155
3582
2931
2440
6694
4535
1143
4823
4746
4926
2935
547
2426
256
5917
4404
3916
6272
5033
1041
3566
2219
550
1976
6560
5163
3202
2386
7028
3439
1776
7608
5821
2682
4939
1808
6331
1005
5430
33
4351
1122
2989
4984
5161
4237
6971
4601
3870
493
3999
2552
472
6391
5810
1065
3240
7753
6118
345
4637
2488
3403
1207
7764
1020
1707
1287
7179
2765
6475
2569
480
4417
2541
7409
4549
3471
6542
7719
4798
3761
5228
6186
4591
4894
6476
1656
4272
473
4703
5556
583
2207
5658
4615
3539
2511
4962
5176
5669
7035
2174
6018
6333
5697
750
4583
1659
4613
6695
3556
3340
60
1648
124
4573
1767
4519
5307
988
6814
5822
5926
481
5971
6066
1219
3815
5941
6975
1521
1349
6494
3985
2871
7205
5946
1732
108
3615
4595
3227
7340
3047
3316
4316
6179
6265
7517
6367
373
7521
759
912
1072
2677
5393
1478
1288
7401
4903
155
1251
6825
7795
2374
6680
1203
2875
4684
7661
7663
189
777
6350
6544
6933
7375
6803
6024
4616
1739
3939
5150
4076
779
5896
1530
7293
642
3313
3546
4921
5189
7128
6534
1824
2854
1636
4327
5588
2969
363
4141
5081
6273
6811
7038
4830
3170
1783
6463
3674
5745
1094
1011
4115
7703
5426
437
4786
5808
6732
4954
2446
4913
7188
7000
4352
4407
4937
5212
2603
5873
3118
7577
6122
5712
2775
7437
7535
6178
6638
957
5925
115
5511
7183
3588
6093
1688
5826
4861
2075
4887
375
6510
2182
3236
3446
320
4550
2797
7182
1888
6566
5166
3886
1876
300
7456
7050
554
5651
1215
5386
6650
4664
5906
2857
3231
7705
7519
1675
1322
655
4897
7094
3882
1169
5718
5584
5343
2715
7516
3450
3207
6910
889
4267
4734
6330
6617
1709
2510
4229
3234
4880
7244
2817
5022
7592
4029
1517
2053
7725
2114
2859
2537
2038
4367
2071
6977
5858
2746
7581
690
4294
6555
5226
1922
6237
591
6147
1292
6755
59
1872
7336
1290
5148
7593
5028
6885
258
2152
3179
7177
5496
2001
3504
3380
6728
4634
726
1258
4499
6947
3433
2574
5635
3637
4835
4854
5444
432
4752
4611
143
6019
4877
6443
2507
6697
7676
6406
6780
4951
2983
2017
6188
6033
3767
3034
29
80
1966
3271
1442
5736
3042
1555
5663
6673
1769
2865
4246
949
810
3845
1488
3692
248
1142
322
3677
7573
7284
3169
4427
651
2383
5591
6956
7108
7264
6174
6137
2562
6999
6736
610
3377
3764
729
7410
2086
1140
1337
7334
497
6226
3077
6752
4640
5999
6588
1117
1588
7734
6143
6759
7373
2752
7503
6766
1454
2198
7504
2375
1828
4341
4838
6483
90
2994
3738
2344
5763
4093
893
7679
6541
6988
6084
4767
6715
5375
7322
5688
7262
6413
4833
7080
3724
4260
3502
7622
2255
2261
6224
1712
2705
4356
7204
4715
6906
675
1159
3473
462
6929
267
3256
7359
7706
1435
1569
6462
7142
3149
6228
4036
4323
5107
4238
7005
6098
1134
798
976
712
1571
7407
3324
5167
1282
3355
2783
6583
1496
6535
206
1809
180
5453
5063
6592
1462
4354
5647
7367
4815
2322
2342
5225
364
3341
2819
974
4514
7473
1812
5065
3338
692
5575
5126
6094
7739
663
4943
3648
3136
7381
3195
6002
7301
5547
2285
6909
3609
7806
4441
765
3819
2189
6980
5439
6284
6528
4426
3088
6708
6815
5706
6557
5890
1039
5371
6244
3405
6777
7674
3784
2748
5848
2577
7491
5710
2280
1715
1817
1700
6325
2733
6656
2912
6852
410
784
2414
7263
1988
6883
1180
2661
3497
556
1731
3272
707
539
2467
406
1975
5271
7796
5583
5253
4297
7390
4910
2186
1637
111
6153
6719
4217
6568
264
6685
3808
5634
2837
3735
2976
4436
7309
3386
7702
5208
2031
1837
1758
4336
5456
630
7215
2106
1708
4874
1371
6989
2898
5328
31
1019
1934
6556
3345
3064
7763
2422
7432
4345
3590
2985
5703
1260
5312
3911
6797
2987
2334
6105
5987
4013
6838
3356
132
3776
1449
5937
2241
388
458
2359
259
2032
5293
1103
1785
4916
5678
1611
1959
5404
638
6932
4626
862
1264
5781
7498
2995
1473
1799
7321
4032
5732
1756
6377
475
5645
1095
3822
5866
7343
1446
1278
5630
1177
6358
6614
2546
1348
1085
4630
4780
7016
7153
7613
6509
7333
3495
1369
2620
722
4651
5341
6861
4619
2734
1796
7078
7665
1705
3802
5788
5952
5574
2642
391
1204
1861
5751
2057
6464
6867
1396
819
2016
1175
7803
7225
1658
2538
3198
2169
6347
4021
6052
6973
6032
2909
4146
783
6897
6554
1273
2744
3389
2941
7492
7033
2460
6214
3950
6948
5179
3365
3629
134
5381
4941
1645
5587
5786
601
2892
4468
5910
7066
4249
6961
3525
1757
7694
5934
6776
3353
5613
45
7444
47
6873
5570
5048
762
5173
6477
4434
5153
5773
3537
4440
3530
312
6589
2369
3739
1642
49
329
5988
3824
96
919
36
7290
7254
209
5138
2267
2160
3073
1314
3554
6700
7303
7081
6965
1643
776
451
408
5521
5824
1974
6865
3726
1132
5602
4051
4698
1354
646
644
4078
2830
637
2170
3933
6901
7748
3523
2356
65
3287
2799
5106
3740
1479
242
5383
7482
5667
2587
470
3359
6849
4397
918
1320
618
5428
5461
700
255
3836
5120
731
674
754
2798
4154
2471
1077
6698
4677
2753
940
6311
6689
7387
436
545
4581
417
7568
5636
7265
1725
4818
2061
2776
515
3518
4975
3083
5068
3363
4117
2891
7377
5623
885
4015
491
7063
6960
4431
3451
5193
1231
2980
5610
7208
291
2772
5500
7515
2232
6570
5473
5803
3936
1297
6969
6340
3376
875
5322
3282
947
1289
1770
7275
4852
1948
851
829
5722
971
2756
2653
5018
4414
3276
5997
6664
6012
2478
5127
50
4712
2730
4911
3697
2230
103
4771
3343
7579
2424
5277
3344
4275
1827
3646
6770
3330
2144
727
4708
1582
6409
7449
7008
3948
2864
5448
4451
4257
3267
2141
6517
6486
1728
1954
6502
6006
3464
5488
4027
3720
6144
5746
7256
4065
7398
1773
6765
3208
2448
4207
2204
743
906
6809
6472
2098
1398
6249
6209
7612
3383
5015
5699
838
3748
3250
6788
6539
7024
648
5348
4279
3905
3613
6725
3953
650
5072
7600
1007
5552
5539
4516
5894
2326
999
5726
362
3261
2786
3116
2431
3528
3501
6298
6990
7716
7068
6166
5095
7325
104
3336
7350
6530
5071
669
3129
4652
165
4829
3807
3050
7187
927
2583
3840
1939
2879
140
7388
4814
2476
6374
1151
4035
7214
7477
421
2502
524
5874
5401
57
2897
6423
4222
2003
2849
2962
5872
3668
79
6435
6126
2693
7435
4758
1672
2597
5662
566
1885
6386
6734
1193
1209
5795
7195
6074
3671
4050
6674
2092
1608
818
1128
4174
2093
2979
1667
3248
6540
5377
505
4123
7404
5676
1650
3320
387
6563
6804
1100
7659
372
7249
5194
3904
1013
7304
3625
1183
6520
5995
3352
713
471
706
1825
151
4160
3921
1374
958
6346
1293
5204
3280
3263
697
1830
7020
7489
1284
2669
4950
766
6376
6474
6185
1818
2925
5883
3251
1973
7242
5390
294
1781
3255
3960
2023
5240
5626
4898
4223
6822
7318
6491
2234
1080
5837
1545
6282
2767
469
4273
2928
4585
987
7758
916
975
5134
5554
5245
7324
4924
737
4946
6896
1148
7811
7341
2958
3783
4987
3747
4506
6800
913
880
4232
2838
1826
3728
284
2686
6488
534
7714
1052
608
5406
3909
474
954
4196
2210
2501
1632
4460
3142
3847
1494
2002
4625
2135
7506
456
6794
11
2193
2350
5902
6774
5791
7253
4241
2638
5501
1987
210
7466
6703
3572
4796
4679
4283
383
4175
2584
5544
6035
5184
2676
6110
1718
6503
4360
3472
4129
6005
4956
7467
3295
597
645
272
1163
4209
2660
2468
3246
734
7670
6496
5268
3688
4646
6138
4997
7620
6241
1469
173
138
3527
7326
7425
5249
1034
3850
4365
3318
841
4905
7266
2663
3573
890
6162
2461
5158
6636
622
3159
7096
4871
5352
2406
5493
1043
2714
5083
3768
1652
1186
6175
2824
2111
4192
4307
3283
2137
1546
7801
7718
6490
2163
1630
4776
3543
4113
5
857
2499
4669
2818
6210
6931
4846
2211
3470
2586
6995
1158
385
5886
3801
2004
6974
3177
1513
1141
4330
989
5943
6997
922
1198
6332
565
6801
2275
1834
7693
3379
1428
5869
611
3868
3800
5366
5618
1434
3126
7168
6337
5597
7478
1851
278
7651
689
5627
7051
7781
6802
5476
3535
4855
5091
4572
6047
3765
3929
3242
4582
2046
3094
2308
5347
3333
7606
7638
1224
4988
4239
4161
3005
680
2339
7678
2712
6327
719
7098
7174
4614
654
5008
7633
5160
3021
3469
2265
5963
315
6979
2829
6519
7347
6440
935
4860
4791
5996
2542
4060
5433
2194
4493
6343
2343
5969
561
1743
1506
4932
4429
5607
5796
5648
7582
4693
2168
3818
5654
6328
6100
1350
4958
4305
817
2536
5571
960
6261
6538
4763
5336
6211
77
7743
4808
3649
1977
6515
6818
5546
5275
4793
4331
1592
5624
5644
3203
5834
4008
5143
2961
3779
2252
1782
3412
2643
4882
2868
4532
2795
6513
2458
4621
3941
3373
3194
7057
7455
7454
4755
7239
4303
2037
540
4389
5384
4522
6172
1970
7071
1610
7597
6548
4393
3015
270
896
2222
2335
401
5657
6984
3989
1654
3982
2331
5690
6478
555
3314
5052
3121
1801
6297
5757
980
943
3049
3853
626
2553
4961
3752
5201
3577
423
1556
4555
5062
5721
4839
6447
519
1390
1343
3456
3258
6670
6213
6378
5105
3710
2821
1023
2641
3585
2771
1107
4150
7792
4198
1693
2172
5942
5102
3772
4176
7759
2968
5188
5579
3871
6840
1999
2212
3760
4114
5474
7017
3809
6324
2664
703
4419
1362
5787
6823
3986
7019
3733
4587
3775
3581
3611
4049
1006
6335
5700
2341
7077
6302
5670
2591
6621
2918
4253
735
1668
7200
6099
4999
1074
3869
909
2625
4104
6085
4856
2639
5921
6691
4570
5507
353
5076
7217
4628
2379
7750
1979
7362
3423
6692
1736
2227
7352
5528
5124
3558
230
153
3123
4261
6240
1523
7178
2444
1118
2427
5798
3453
355
4481
6023
5847
1944
7442
328
1900
4680
1033
1985
894
5683
3995
5954
4348
3086
7429
5423
13
3914
7115
247
7422
7161
7103
4254
6465
2338
5190
1498
5140
6880
441
7296
7380
7300
7557
7039
2353
2921
26
1822
5559
6536
7726
2336
3863
2684
4579
371
2977
4034
5180
1911
4697
631
3893
5744
928
251
3052
5725
5774
2692
6481
5749
6048
1279
3051
512
159
4276
2662
2434
5691
6181
6086
1280
5702
4300
5680
2035
582
7481
5852
1045
1587
7588
3521
2811
7770
2433
2225
6034
966
2946
3894
4425
3991
4618
887
5332
6935
4058
2768
2306
2527
588
3458
1340
330
5185
3664
1618
2737
2347
2181
4474
3531
5305
3533
1088
7199
4675
119
3626
2201
1646
7191
1511
7125
4424
6379
1070
380
5227
3976
7561
331
7511
83
3687
1242
4623
3712
5236
6289
2728
1309
3127
6775
2408
5970
6390
4842
3918
4302
602
714
4720
1427
3576
4226
5604
4002
6927
5981
2766
7583
4177
1021
3210
3197
4740
6428
7025
5157
5462
1381
4422
5090
1357
3070
7130
2490
6059
6920
5359
6675
823
2175
6682
1562
5666
3835
5959
6830
4571
4526
1681
4551
4206
195
2363
4977
5020
1547
6202
501
6383
3605
3102
6882
5640
7085
1069
7571
5001
4155
3701
7198
4764
931
6187
1813
4980
1729
694
7569
1572
2949
3434
2054
20
6666
6405
4995
5661
2953
2397
2218
5684
6038
2826
3016
4313
7283
28
3900
3619
5114
2122
4062
7746
7540
5118
5880
1794
756
6338
1737
6016
7278
6079
3078
1765
2970
5864
560
6407
4372
7715
1342
6362
7699
2503
5936
2667
7510
1433
600
1312
1549
5490
116
1606
4378
1734
6796
6446
6223
4325
4392
5248
7787
3996
5013
3317
6419
4915
1076
2276
5806
3166
366
3424
6851
6946
6546
5918
6949
4979
1083
4747
5958
877
5965
856
1361
4044
3669
5174
2318
3737
5230
3998
728
6792
5365
1384
3621
5004
1926
1694
1596
6208
398
7175
6654
244
6641
6850
2348
1456
2736
4759
2544
2297
7240
1844
7416
883
352
1127
7468
5785
7465
179
6359
3361
3349
3683
2466
6011
4482
6784
1173
6577
1403
2296
4624
3391
5026
5731
6783
194
2929
3970
225
7420
879
6899
2656
1406
3693
4762
3109
5793
2320
7289
1130
7328
1025
615
7040
2415
498
2085
7541
542
6651
4315
6512
4491
2115
5279
7054
3705
7601
4948
2121
1223
6073
3691
6663
7616
7384
3520
1921
1468
6117
2479
4379
612
1751
4927
7397
1853
2214
5231
1614
664
4210
3872
6164
6316
792
1336
3912
6130
7487
4524
1380
1375
5696
7701
1740
3455
5009
7259
2793
3943
3759
3682
4385
3278
5701
6279
2070
7605
67
5131
876
6576
5281
3888
2236
7276
7237
2505
4126
5055
4462
5940
5046
1894
5747
5411
3130
3269
6898
3216
7509
2563
5299
3298
1341
7807
6434
3038
188
7673
3833
3782
4309
3930
7160
6678
821
4212
7255
4540
306
7689
6618
2856
6036
6267
1982
3854
2722
5097
1102
794
5804
2080
1938
806
4184
7496
1925
7030
3806
5715
939
2981
3111
1495
1485
2717
7149
2284
2487
412
4822
5241
2870
6396
4455
2694
1249
4893
6469
6772
7162
6914
881
4403
4725
1607
659
2372
961
3876
4163
3160
7172
3331
6008
3312
2076
1786
6183
1553
4632
5850
5576
4737
6055
6301
4620
850
4510
7447
7562
5288
567
3879
7675
7640
1742
7379
1031
4608
6436
4179
5919
5737
5407
6551
4990
770
878
1816
3494
7756
5280
5775
3570
1062
7471
7538
1372
7684
2618
4728
3072
3757
4000
1395
6044
4622
2762
1807
1181
1448
6314
3350
7002
4328
7292
5432
1356
1663
5283
7476
5679
3069
4704
7014
2477
1931
2099
448
386
2557
2044
6518
2644
3988
3422
2206
5465
1835
6832
744
5324
4546
2058
2288
6304
6320
2040
1075
1576
3789
709
4225
1457
2262
5693
7586
763
3634
3607
708
772
5232
5510
1839
5216
5110
3366
907
2520
6704
24
6923
46
5151
2738
5475
5255
3436
6031
6287
4381
3666
5568
2846
1857
4886
5239
1277
3848
1595
7206
1060
6381
7766
6595
5041
6782
1413
2402
1920
6372
7752
288
86
5233
2545
6262
3952
603
4566
4507
1617
775
7395
1998
1627
7211
4120
2827
4410
1137
2613
5229
6565
6558
6077
5373
5270
2998
652
3277
665
4511
145
3215
5856
7368
3084
4779
981
7618
3307
1230
7603
7111
926
6516
553
4542
5978
5443
2043
7345
5088
7044
3859
4181
1862
5094
4450
4334
5385
5698
687
7399
1852
4521
4931
6368
337
6501
3813
7438
156
5358
5692
7271
6431
6642
7446
7780
7022
2429
5480
7145
7261
3660
6940
129
4349
2973
6010
2332
7089
427
7069
3814
7141
434
1327
962
3360
587
5784
3306
6593
6686
1440
7451
6506
396
6924
6140
5038
1248
3305
4219
5549
538
1438
7610
797
4806
6307
3589
3138
2136
2084
3770
1858
5734
1164
846
5899
2257
2355
3096
6111
6366
4075
5397
6276
202
3567
639
1575
6839
5709
7003
6902
3602
7501
204
864
5222
6647
5762
5677
3519
2763
1897
6041
7268
2435
5059
4156
7124
126
6631
7140
1714
5128
5562
1962
4042
747
4557
4003
6236
2269
1602
5023
1761
3291
2368
2888
1123
3448
7433
4908
4052
7163
4605
1867
4584
3211
6943
1879
3
5235
4464
167
5833
6349
4541
6569
4314
4187
2959
4453
3441
1176
7009
5250
6167
3289
3722
1010
2997
7302
7427
6051
7443
4483
3328
4957
7122
1199
3957
5655
492
476
4376
7624
336
5064
2960
3025
1695
7697
7338
7012
704
3892
4733
4043
4607
3435
296
1815
5859
249
4568
7274
8
1415
4837
2916
7648
1532
4918
1346
4041
4820
4022
4518
4600
4801
2808
4190
3686
3541
1541
445
2388
5344
2091
123
37
1271
4286
5269
5860
211
3714
5146
7655
7400
4992
2835
2592
2042
1624
500
6790
1779
5334
6848
6662
6987
5564
6886