690
640
468
298
887
531
643
130
202
665
47
809
409
954
613
849
705
812
883
286
250
769
708
450
714
806
394
501
356
576
929
944
191
294
502
417
227
64
900
858
341
798
243
821
803
783
482
484
31
914
779
102
72
660
825
740
920
315
776
778
12
23
395
751
945
462
459
732
151
423
808
592
485
650
538
362
902
221
907
185
963
686
197
26
212
465
18
788
614
870
261
455
230
727
869
487
470
107
921
654
339
174
231
387
104
83
894
815
919
955
896
829
801
635
418
162
28
555
971
110
464
947
368
472
615
396
518
734
826
253
785
80
931
551
329
843
738
658
293
491
752
234
666
415
587
526
533
603
421
216
692
453
425
831
125
647
308
458
81
218
577
871
428
689
97
646
213
804
442
85
240
257
848
74
610
943
530
560
112
166
334
89
406
429
622
916
333
589
71
726
322
642
164
968
310
77
198
346
177
638
76
599
187
874
222
748
13
674
194
566
37
118
668
225
292
648
687
413
101
800
1
403
114
274
709
791
584
277
7
419
897
489
92
718
181
407
500
53
797
575
655
220
232
792
875
179
607
192
571
121
335
721
342
473
38
486
152
122
516
314
497
138
317
823
70
297
313
493
885
557
323
56
817
918
199
163
260
145
631
624
259
675
17
327
515
701
746
937
207
637
911
95
633
154
21
307
249
925
246
522
311
454
343
195
405
537
265
835
745
563
68
777
361
214
270
96
693
474
142
590
326
754
739
514
263
580
280
699
892
357
717
288
289
684
475
108
670
386
29
710
196
24
582
61
507
780
910
756
439
168
845
698
379
273
591
719
960
567
762
600
25
863
519
367
380
262
106
767
661
5
722
67
183
504
602
131
193
822
412
775
657
392
170
528
583
634
532
215
877
836
135
753
573
509
126
855
58
846
256
466
524
94
512
506
290
19
84
628
873
568
123
703
627
328
933
588
682
27
964
223
814
790
269
549
630
371
953
659
469
820
926
312
229
136
802
601
353
901
430
355
133
237
176
672
22
306
66
725
904
141
124
488
598
235
656
543
716
946
119
974
325
844
548
268
595
483
51
621
585
510
492
82
723
478
711
730
420
236
558
301
233
616
211
443
120
744
422
424
281
59
224
200
41
318
742
180
696
847
832
217
579
852
304
574
411
49
116
75
850
884
159
399
391
886
731
712
336
271
854
772
373
749
494
853
673
782
866
810
479
480
14
750
609
755
729
923
321
586
606
90
680
65
958
612
460
529
733
358
952
865
917
564
205
340
382
146
542
498
4
795
495
279
859
878
513
278
242
527
296
619
452
52
62
398
697
45
770
337
178
182
78
42
618
679
208
389
503
547
258
539
414
451
562
759
736
203
63
758
570
966
623
345
959
930
132
98
898
149
30
928
816
818
857
34
596
100
912
244
239
171
426
554
794
827
932
544
704
975
291
781
700
165
819
144
881
338
400
245
204
828
283
241
33
880
915
805
397
160
153
344
188
167
861
534
88
137
309
695
434
156
352
20
957
824
496
969
499
867
950
840
266
364
876
724
677
134
251
851
447
545
3
87
882
924
99
713
764
54
402
113
374
625
377
272
9
247
228
651
111
410
541
793
611
287
432
962
720
741
349
390
79
956
463
127
763
446
375
383
757
895
938
520
39
471
841
536
961
378
774
91
676
148
786
728
632
332
976
36
671
15
184
629
715
605
743
477
155
694
372
553
649
834
376
46
201
316
511
799
678
143
219
683
35
347
508
842
784
608
437
351
768
644
546
264
140
86
360
404
461
388
366
550
626
348
565
787
16
267
441
525
927
444
276
476
942
967
320
540
248
773
908
839
939
578
702
934
369
438
189
594
440
158
50
44
8
190
597
653
903
796
117
445
521
735
936
922
73
973
899
40
838
761
652
252
103
457
691
169
302
431
906
667
303
93
664
604
401
681
572
128
416
60
385
765
688
868
662
69
889
663
449
620
561
891
363
150
905
523
747
771
354
173
645
913
890
505
139
2
813
972
641
282
299
324
872
436
433
381
408
300
305
284
481
6
970
448
129
860
879
706
427
331
238
856
760
766
909
830
888
965
639
617
350
359
384
10
157
517
209
370
48
707
940
330
535
32
172
951
669
807
285
935
55
11
161
254
175
556
105
456
57
941
255
365
275
864
893
789
636
569
109
581
319
295
147
862
206
685
593
115
552
559
949
737
948
811
393
226
210
186
435
490
43
833
837
467